0.000000000000000000 0.000000000000000000 1
-0.006696428571428562 -0.004504504504504514 1
-0.006696428571428575 -0.009009009009009000 1
-0.006696428571428575 -0.009009009009009000 1
-0.006696428571428562 -0.009009009009009000 1
-0.006696428571428575 -0.013513513513513514 1
-0.004464285714285712 -0.013513513513513514 1
-0.004464285714285712 -0.013513513513513528 1
-0.004464285714285726 -0.013513513513513514 1
-0.004464285714285712 -0.013513513513513514 1
-0.002232142857142849 -0.013513513513513514 1
-0.004464285714285712 -0.013513513513513507 1
-0.002232142857142863 -0.013513513513513514 1
-0.002232142857142849 -0.013513513513513514 1
-0.002232142857142877 -0.013513513513513514 1
0.000000000000000000 -0.013513513513513513 1
-0.002232142857142849 -0.013513513513513514 1
0.000000000000000000 -0.013513513513513513 1
0.002232142857142849 -0.013513513513513511 1
0.004464285714285726 -0.013513513513513514 1
0.004464285714285712 -0.018018018018018014 1
0.004464285714285712 -0.013513513513513514 1
0.006696428571428575 -0.013513513513513514 1
0.006696428571428575 -0.013513513513513514 1
0.006696428571428562 -0.009009009009009014 1
0.006696428571428575 -0.013513513513513514 1
0.006696428571428575 -0.004504504504504514 1
0.006696428571428575 -0.004504504504504486 1
0.006696428571428562 -0.004504504504504514 1
0.006696428571428575 -0.004504504504504514 1
0.006696428571428568 -0.004504504504504486 1
0.006696428571428575 0.000000000000000000 1
0.006696428571428568 0.000000000000000000 1
0.006696428571428575 0.000000000000000000 1
0.006696428571428568 0.000000000000000000 1
0.006696428571428572 0.000000000000000000 1
0.006696428571428572 0.004504504504504486 1
0.006696428571428572 0.009009009009009028 1
0.006696428571428571 0.004504504504504486 1
0.006696428571428572 0.009009009009009028 1
0.008928571428571428 0.013513513513513500 1
0.006696428571428574 0.013513513513513514 1
0.004464285714285712 0.013513513513513514 1
0.004464285714285716 0.013513513513513514 1
0.004464285714285712 0.013513513513513514 1
0.004464285714285712 0.013513513513513514 1
0.002232142857142863 0.013513513513513514 1
0.002232142857142856 0.013513513513513514 1
0.000000000000000000 0.013513513513513514 1
0.002232142857142856 0.013513513513513513 1
0.002232142857142856 0.013513513513513516 1
0.000000000000000000 0.013513513513513514 1
0.000000000000000000 0.013513513513513514 1
0.004464285714285712 0.004504504504504500 1
0.002232142857142856 -0.013513513513513514 1
0.006696428571428575 -0.013513513513513511 1
0.004464285714285719 -0.013513513513513514 1
0.006696428571428562 -0.013513513513513514 1
0.004464285714285712 -0.013513513513513513 1
0.006696428571428575 -0.013513513513513513 1
0.006696428571428575 -0.018018018018018021 1
0.006696428571428575 -0.013513513513513514 1
0.006696428571428562 -0.013513513513513514 1
0.006696428571428575 -0.013513513513513514 1
0.006696428571428575 -0.013513513513513514 1
0.006696428571428562 -0.013513513513513514 1
0.006696428571428589 -0.009009009009009000 1
0.006696428571428548 -0.009009009009009014 1
0.006696428571428575 -0.013513513513513514 1
0.006696428571428575 -0.009009009009009000 1
0.006696428571428575 -0.009009009009009028 1
0.006696428571428575 -0.004504504504504486 1
0.006696428571428575 -0.004504504504504514 1
0.006696428571428575 0.000000000000000000 1
0.006696428571428548 -0.004504504504504486 1
0.006696428571428575 0.000000000000000000 1
0.006696428571428575 0.009009009009009000 1
0.002232142857142849 0.004504504504504486 1
-0.006696428571428548 -0.009009009009009000 1
-0.006696428571428575 -0.004504504504504486 1
-0.008928571428571425 0.004504504504504486 1
-0.006696428571428575 0.000000000000000000 1
-0.006696428571428575 0.004504504504504514 1
-0.006696428571428575 0.004504504504504486 1
-0.006696428571428575 0.009009009009009028 1
-0.006696428571428575 0.009009009009009000 1
-0.006696428571428575 0.013513513513513514 1
-0.006696428571428548 0.009009009009009014 1
-0.006696428571428589 0.009009009009009000 1
-0.006696428571428562 0.013513513513513514 1
-0.006696428571428575 0.013513513513513514 1
-0.006696428571428575 0.013513513513513514 1
-0.006696428571428562 0.013513513513513514 1
-0.006696428571428575 0.013513513513513514 1
-0.004464285714285712 0.013513513513513514 1
-0.006696428571428575 0.013513513513513514 1
-0.006696428571428575 0.013513513513513514 1
-0.004464285714285712 0.013513513513513513 1
-0.006696428571428568 0.013513513513513516 1
-0.004464285714285712 0.013513513513513514 1
-0.004464285714285719 0.018018018018018014 1
-0.004464285714285712 0.013513513513513514 1
-0.002232142857142856 0.013513513513513514 1
0.000000000000000000 0.013513513513513514 1
-0.002232142857142856 0.013513513513513514 1
-0.004464285714285719 0.013513513513513514 1
-0.002232142857142856 0.013513513513513514 1
-0.002232142857142856 0.013513513513513514 1
-0.004464285714285712 0.013513513513513514 1
0.000000000000000000 0.004504504504504486 1
0.000000000000000000 -0.013513513513513487 1
0.000000000000000000 -0.013513513513513514 1
0.002232142857142856 -0.013513513513513514 1
0.004464285714285712 -0.013513513513513528 1
0.002232142857142856 -0.013513513513513514 1
0.004464285714285719 -0.013513513513513514 1
0.004464285714285712 -0.013513513513513514 1
0.000000000000000000 -0.013513513513513507 1
0.000000000000000000 -0.013513513513513514 1
0.000000000000000000 -0.013513513513513514 1
-0.002232142857142856 -0.018018018018018018 1
0.000000000000000000 -0.013513513513513514 1
-0.002232142857142856 -0.013513513513513513 1
-0.002232142857142856 -0.013513513513513513 1
-0.002232142857142863 -0.013513513513513514 1
-0.002232142857142856 -0.013513513513513514 1
-0.004464285714285712 -0.013513513513513507 1
-0.004464285714285716 -0.013513513513513514 1
-0.006696428571428568 -0.013513513513513514 1
-0.004464285714285716 -0.013513513513513514 1
-0.006696428571428571 -0.009009009009009014 1
-0.006696428571428572 -0.009009009009009000 1
-0.006696428571428571 -0.009009009009009028 1
-0.006696428571428572 -0.009009009009009000 1
-0.006696428571428570 -0.004504504504504514 1
-0.006696428571428572 -0.004504504504504486 1
-0.006696428571428572 0.000000000000000000 1
-0.006696428571428568 0.000000000000000000 1
-0.006696428571428575 0.000000000000000000 1
-0.006696428571428568 0.000000000000000000 1
-0.008928571428571432 0.004504504504504486 1
-0.006696428571428568 0.004504504504504514 1
-0.006696428571428575 0.004504504504504514 1
-0.006696428571428575 0.004504504504504486 1
-0.006696428571428562 0.004504504504504514 1
-0.006696428571428575 0.009009009009009014 1
-0.006696428571428575 0.009009009009009000 1
-0.006696428571428562 0.013513513513513514 1
-0.006696428571428575 0.013513513513513514 1
-0.004464285714285712 0.013513513513513514 1
-0.004464285714285712 0.013513513513513514 1
-0.004464285714285712 0.013513513513513514 1
-0.002232142857142877 0.013513513513513514 1
-0.002232142857142849 0.013513513513513514 1
0.000000000000000000 0.013513513513513514 0
0.002232142857142849 0.013513513513513513 0
0.000000000000000000 0.013513513513513516 0
0.002232142857142877 0.013513513513513514 0
0.002232142857142849 0.013513513513513514 0
0.004464285714285712 0.013513513513513514 0
0.004464285714285712 0.018018018018018014 0
0.002232142857142863 0.013513513513513514 0
0.004464285714285712 0.013513513513513514 0
0.004464285714285712 0.013513513513513514 0
0.006696428571428575 0.013513513513513514 0
0.004464285714285712 0.013513513513513514 0
0.006696428571428575 0.009009009009009000 0
0.006696428571428562 0.013513513513513514 0
0.006696428571428575 0.004504504504504514 0
0.006696428571428575 0.004504504504504486 0
0.006696428571428568 0.004504504504504514 0
0.006696428571428575 0.000000000000000000 0
0.006696428571428568 0.000000000000000000 0
0.006696428571428568 0.000000000000000000 0
0.006696428571428575 0.000000000000000000 0
0.006696428571428572 0.000000000000000000 0
0.006696428571428568 0.000000000000000000 0
0.006696428571428574 0.000000000000000000 0
0.006696428571428570 0.000000000000000000 0
0.006696428571428572 0.000000000000000000 0
0.008928571428571428 0.000000000000000000 0
0.006696428571428571 0.000000000000000000 0
0.006696428571428572 0.000000000000000000 1
0.006696428571428572 0.000000000000000000 1
0.006696428571428568 0.000000000000000000 1
-0.002232142857142856 0.000000000000000000 1
-0.006696428571428572 0.000000000000000000 1
-0.006696428571428568 0.000000000000000000 1
-0.006696428571428574 0.000000000000000000 1
-0.006696428571428571 0.000000000000000000 1
-0.006696428571428571 0.000000000000000000 1
-0.006696428571428572 0.000000000000000000 1
-0.006696428571428570 0.000000000000000000 1
-0.006696428571428574 0.000000000000000000 1
-0.006696428571428568 0.000000000000000000 1
-0.006696428571428572 0.000000000000000000 1
-0.006696428571428575 0.000000000000000000 1
-0.006696428571428568 0.000000000000000000 1
-0.006696428571428568 0.000000000000000000 1
-0.008928571428571432 0.000000000000000000 1