2.01914 -0.27056 1
0.64529 -2.01059 1
0.87556 -2.07941 1
0.29066 -2.07204 1
0.14595 -2.27185 1
0.45889 -2.04494 1
0.51612 -2.11855 1
1.41510 -1.74244 1
1.41096 -1.56618 1
1.64775 -1.13944 1
1.88228 -0.81169 1
2.15390 -0.27056 1
0.62581 0.00000 1
-2.28970 0.00000 1
-2.01914 0.27056 1
-1.91503 0.53943 1
-1.39238 1.62507 1
-1.02761 1.85456 1
-0.76436 2.09090 1
-0.64693 2.15426 1
-0.28815 2.24944 1
-0.11507 2.26896 1
0.00000 2.28970 1
0.20161 2.08809 1
0.85500 1.90929 1
1.32638 1.49307 1
1.87902 0.81169 1
1.98917 0.81169 1
2.09613 -0.46032 1
1.50440 -1.51392 1
1.03537 -1.75248 1
0.40323 -2.22870 1
0.40323 -2.21703 1
0.40323 -2.15599 1
0.00000 -2.28970 1
0.00000 -2.28970 1
0.00000 -2.28970 1
0.00000 -0.11173 1
0.00000 2.28970 1
0.00000 2.28970 1
0.00000 2.28970 1
0.00000 2.28970 1
0.00000 2.28970 1
0.26462 2.24201 1
1.27202 1.45426 1
2.01914 0.27056 1
1.08131 -1.61266 1
0.20161 -2.26504 1
0.40323 -2.07468 1
