0.000000 0.000000 1
0.210998 0.199789 1
0.374573 0.287803 1
0.449129 0.286663 1
0.335544 0.179682 1
0.555502 0.243045 1
0.619196 0.212578 1
0.669662 0.168602 1
0.483279 0.083526 1
0.767443 0.074759 1
0.799405 0.014213 1
0.370743 -0.012610 1
0.552458 -0.021705 1
0.566258 -0.022687 1
0.569813 -0.030206 1
0.382886 -0.024065 1
0.587527 -0.035580 1
0.581144 -0.037313 1
0.595389 -0.049327 1
0.399806 -0.029727 1
0.601484 -0.047842 1
0.608025 -0.058195 1
0.406252 -0.034042 1
0.614288 -0.062400 1
0.620352 -0.061878 1
0.622594 -0.067830 1
0.421142 -0.044975 1
0.625879 -0.072315 1
0.633903 -0.075265 1
0.638130 -0.075429 1
0.427466 -0.056151 1
0.642031 -0.085028 1
0.639913 -0.084601 1
0.432500 -0.059019 1
0.644956 -0.089090 1
0.649331 -0.096111 1
0.648595 -0.099455 1
0.437340 -0.067478 1
0.649703 -0.099298 1
0.649476 -0.104256 1
0.656477 -0.102918 1
0.434094 -0.068954 1
0.650494 -0.111885 1
0.652806 -0.110876 1
0.436931 -0.074824 1
0.650306 -0.113655 1
0.649688 -0.117497 1
0.650992 -0.118934 1
0.429197 -0.076839 1
0.648302 -0.124883 1
0.645844 -0.123784 1
0.639206 -0.117350 1
0.430070 -0.087831 1
0.642160 -0.126551 1
0.632823 -0.126715 1
0.418661 -0.085590 1
0.629337 -0.127930 1
0.626440 -0.134857 1
0.621418 -0.132051 1
0.413930 -0.086277 1
0.616482 -0.134425 1
0.608536 -0.135610 1
0.572992 -0.129073 1
0.316280 -0.067494 1
0.532152 -0.103812 1
0.595763 -0.109150 1
0.424741 -0.062884 1
0.663323 -0.099477 1
0.685998 -0.076751 1
0.699056 -0.050356 1
0.462169 -0.025654 1
0.682484 -0.013638 1
0.658583 0.031930 1
0.614447 0.068949 1
0.000000 0.000000 0
0.000000 0.000000 0
0.000000 0.000000 0
0.000000 0.000000 0
0.000000 0.000000 0
0.000000 0.000000 0
0.000000 0.000000 0
0.000000 0.000000 0
0.000000 0.000000 0
0.000000 0.000000 0
0.000000 0.000000 0
0.000000 0.000000 0
0.000000 0.000000 0
0.000000 0.000000 0
0.000000 0.000000 0
-22.080687 -11.892995 1
0.489093 0.886729 1
0.391791 1.064569 1
0.172560 0.768491 1
0.085427 1.206272 1
-0.169931 1.149830 1
-0.225167 1.034181 1
-0.152359 0.700132 1
-0.223723 1.055616 1
-0.224015 1.069749 1
-0.137838 0.712412 1
-0.211488 1.082147 1
-0.209967 1.089697 1
-0.203937 1.098727 1
-0.136742 0.734323 1
-0.196874 1.108328 1
-0.193251 1.120817 1
-0.190516 1.123899 1
-0.121889 0.743936 1
-0.182742 1.136884 1
-0.182137 1.133346 1
-0.111052 0.760680 1
-0.169690 1.145764 1
-0.158161 1.143963 1
-0.168096 1.146115 1
-0.102319 0.770009 1
-0.147192 1.151317 1
-0.140251 1.153214 1
-0.140337 1.156609 1
-0.088212 0.770856 1
-0.129390 1.150297 1
-0.123731 1.151180 1
-0.079378 0.776014 1
-0.111176 1.142836 1
-0.109015 1.153575 1
-0.102163 1.143849 1
-0.060438 0.758673 1
-0.090586 1.144920 1
-0.085432 1.135327 1
-0.069929 1.129454 1
-0.046525 0.751973 1
-0.068198 1.123099 1
-0.053548 1.112037 1
-0.032546 0.739869 1
-0.051600 1.105587 1
-0.035678 1.094347 1
-0.032613 1.091722 1
-0.015219 0.718108 1
-0.012086 1.072415 1
-0.009411 1.067130 1
-0.000395 1.050643 1
0.001874 0.696287 1
0.014652 1.036375 1
0.017040 1.027002 1
0.022832 0.675146 1
0.038783 1.003793 1
0.045055 0.991213 1
0.047885 0.975324 1
0.047136 0.642465 1
0.075190 1.120482 1
0.135558 1.319001 1
0.166415 1.291952 1
0.123858 0.844144 1
0.222282 1.233967 1
0.240888 1.192986 1
0.180827 0.769776 1
0.277923 1.112190 1
0.302743 1.053283 1
0.317525 0.989033 1
0.220852 0.625300 1
0.334117 0.880277 1
0.346638 0.796726 1
0.351061 0.714919 1
0.000000 0.000000 0
0.000000 0.000000 0
0.000000 0.000000 0
0.000000 0.000000 0
0.000000 0.000000 0
0.000000 0.000000 0
0.000000 0.000000 0
0.000000 0.000000 0
0.000000 0.000000 0
0.000000 0.000000 0
0.000000 0.000000 0
0.000000 0.000000 0
0.000000 0.000000 0
0.000000 0.000000 0
0.000000 0.000000 0
16.942435 -44.196352 1
0.198934 3.262321 1
-0.806130 2.627567 1
-0.650718 1.628327 1
-1.035602 2.435948 1
-1.111158 2.412733 1
-1.195466 2.402016 1
-0.850437 1.596540 1
-1.363102 2.387432 1
-1.468123 2.372724 1
-1.055293 1.583859 1
-1.681823 2.372166 1
-1.819855 2.373046 1
-1.970868 2.370404 1
-1.401270 1.585489 1
-2.235912 2.377710 1
-2.417461 2.384738 1
-2.601076 2.393064 1
-1.843097 1.603441 1
-2.586825 1.830165 1
-2.649196 1.081933 1
-1.753713 0.307325 1
-2.527137 -0.167504 1
-2.300141 -0.952659 1
-1.953407 -1.759903 1
-1.047592 -1.635325 1
-1.122557 -3.156228 1
-0.458953 -3.905495 1
0.128392 -2.167729 1
0.285323 -1.457095 1
0.708667 -2.187650 1
1.034622 -2.177606 1
0.862466 -1.434811 1
1.547174 -2.123810 1
1.831432 -2.060600 1
2.100965 -1.988860 1
1.534537 -1.279799 1
2.520285 -1.827563 1
2.745732 -1.706146 1
2.965921 -1.570679 1
2.081369 -0.961213 1
3.287425 -1.301760 1
3.463765 -1.125511 1
2.397744 -0.638357 1
3.569290 -0.750167 1
3.122331 -0.401760 1
3.150101 -0.150735 1
2.101958 0.043214 1
3.105587 0.291103 1
3.027494 0.556025 1
2.898478 0.830451 1
1.841603 0.705566 1
2.580637 1.302423 1
2.338650 1.583920 1
1.394396 1.219163 1
1.826975 2.076654 1
1.455352 2.379033 1
1.051258 2.681573 1
0.470049 1.866014 1
0.420620 2.793838 1
0.067483 2.759629 1
-0.272946 2.701431 1
-0.370870 1.761021 1
-0.832980 2.578098 1
-1.169859 2.463650 1
-0.955197 1.577875 1
-1.700282 2.245323 1
-2.013164 2.090821 1
-2.321804 1.916021 1
-1.719965 1.165489 1
-2.826866 1.575234 1
-3.121697 1.347934 1
-3.410016 1.099697 1
