0.000000 0.000000 1
1.925746 1.196983 1
3.338985 0.553677 1
2.634573 -0.122435 1
2.775755 -0.206232 1
2.879338 -0.288939 1
2.957958 -0.356285 1
3.021834 -0.424578 1
2.824794 -0.443865 1
3.038101 -0.524860 1
3.020425 -0.562208 1
2.963993 -0.591490 1
2.886806 -0.623219 1
2.659293 -0.509979 1
3.201026 -0.220978 1
1.047670 0.093547 0
0.000000 0.000000 0
0.000000 0.000000 0
-21.103178 -9.561177 1
-0.535594 5.181137 1
-0.995202 5.037634 1
-0.905538 5.199266 1
-0.755559 4.938662 1
-0.699553 5.376606 1
-0.578750 5.373817 1
-0.447634 5.336345 1
-0.290418 5.225615 1
-0.134020 5.075821 1
0.046752 4.848196 1
0.202797 4.275110 1
0.782393 5.888493 1
1.346732 5.036116 1
1.149151 2.698674 0
0.000000 0.000000 0
0.000000 0.000000 0
17.141369 -40.934031 1
-4.391740 10.707389 1
-6.826112 11.111922 1
-9.845366 11.091386 1
-12.292297 7.246904 1
-8.322242 -8.943142 1
2.343967 -11.372146 1
9.115781 -9.396651 1
13.085071 -6.537912 1
15.616949 -2.665608 1
13.672249 3.255967 1
8.589736 9.478938 1
0.621358 12.811674 1
-6.671482 10.955766 1
-13.400347 7.104375 1
