0.000000 0.000000 1
24.534832 -0.459372 1
8.513190 -1.663404 0
0.000000 0.000000 0
0.000000 0.000000 0
0.000000 0.000000 0
0.000000 0.000000 0
0.000000 0.000000 0
0.000000 0.000000 0
0.000000 0.000000 0
0.000000 0.000000 0
0.000000 0.000000 0
0.000000 0.000000 0
0.000000 0.000000 0
0.000000 0.000000 0
-14.301262 -13.256978 1
-2.007147 24.168576 1
-2.000774 25.120324 1
1.258373 16.352036 0
0.000000 0.000000 0
0.000000 0.000000 0
0.000000 0.000000 0
0.000000 0.000000 0
0.000000 0.000000 0
0.000000 0.000000 0
0.000000 0.000000 0
0.000000 0.000000 0
0.000000 0.000000 0
0.000000 0.000000 0
0.000000 0.000000 0
0.000000 0.000000 0
0.000000 0.000000 0
15.800872 -25.189560 1
-12.812324 19.038660 1
-20.172231 11.267498 1
-2.748420 -19.569827 1
18.849641 -14.690996 1
26.152101 -3.021289 1
15.853764 14.642215 1
-12.719704 25.129078 1
