0.000000 0.000000 1
0.731046 0.586659 1
1.194701 0.610323 1
1.522597 0.424469 1
1.816389 0.129208 1
1.299634 -0.051966 1
1.334939 -0.070470 1
1.370451 -0.094629 1
1.202485 -0.093997 1
1.423914 -0.134075 1
1.447597 -0.150271 1
1.469881 -0.168819 1
1.489106 -0.186268 1
1.501978 -0.197696 1
1.509335 -0.219122 1
1.298841 -0.197399 1
1.527702 -0.242085 1
1.522117 -0.253972 1
1.521552 -0.267119 1
1.510838 -0.272373 1
1.507016 -0.285479 1
1.498566 -0.294920 1
1.262625 -0.257722 1
1.459175 -0.305260 1
1.438759 -0.310332 1
1.296339 -0.286705 1
1.337727 -0.244550 1
1.564250 -0.207524 1
1.620930 -0.087778 1
1.298477 0.072232 1
0.197332 0.026776 0
0.000000 0.000000 0
0.000000 0.000000 0
0.000000 0.000000 0
0.000000 0.000000 0
-22.431023 -12.351501 1
0.985378 1.684397 1
0.503828 2.700171 1
-0.471906 2.536720 1
-0.523288 2.472788 1
-0.492678 2.518344 1
-0.475307 2.571154 1
-0.451341 2.601618 1
-0.365917 2.260053 1
-0.408208 2.654988 1
-0.380927 2.674881 1
-0.342926 2.692681 1
-0.322932 2.693259 1
-0.284951 2.693557 1
-0.255501 2.675749 1
-0.186171 2.284831 1
-0.187066 2.648055 1
-0.151185 2.615278 1
-0.112907 2.582519 1
-0.071836 2.538945 1
-0.022472 2.488252 1
0.017107 2.434598 1
0.052382 2.039003 1
0.103236 2.307894 1
0.180122 2.532337 1
0.384013 3.011289 1
0.552035 2.811696 1
0.672628 2.550507 1
0.760725 2.206419 1
0.690758 1.571243 1
0.118709 0.228593 0
0.000000 0.000000 0
0.000000 0.000000 0
0.000000 0.000000 0
0.000000 0.000000 0
16.360618 -45.777604 1
0.597376 5.821536 1
-2.309074 5.713878 1
-2.726402 5.614813 1
-3.261884 5.556631 1
-3.935411 5.538256 1
-4.722651 5.536243 1
-5.639357 5.568001 1
-5.316060 4.231581 1
-6.107075 1.361193 1
-5.076519 -2.852001 1
-2.559281 -7.371299 1
0.544888 -5.678040 1
2.404761 -5.072598 1
4.043514 -4.855081 1
4.625917 -3.823880 1
6.576614 -3.878496 1
7.660544 -3.037244 1
8.170416 -1.901918 1
7.343022 -0.347128 1
7.120854 1.093027 1
6.332945 2.592540 1
4.377317 3.462243 1
3.382293 5.548359 1
1.256597 6.513866 1
-0.635239 6.297808 1
-2.461605 5.835492 1
-4.209877 5.120274 1
-5.895584 4.156645 1
-7.504764 2.947729 1
