0.000000000000000000e+00 0.000000000000000000e+00
0.000000000000000000e+00 -1.478494623655918216e-02
0.000000000000000000e+00 -1.478494623655912665e-02
0.000000000000000000e+00 -1.612903225806450180e-02
0.000000000000000000e+00 -1.478494623655912665e-02
0.000000000000000000e+00 -1.478494623655918216e-02
0.000000000000000000e+00 -1.612903225806450180e-02
0.000000000000000000e+00 -1.478494623655912665e-02
0.000000000000000000e+00 -1.612903225806450180e-02
0.000000000000000000e+00 -1.478494623655918216e-02
0.000000000000000000e+00 -1.478494623655912665e-02
0.000000000000000000e+00 -1.612903225806450180e-02
0.000000000000000000e+00 -1.478494623655915441e-02
0.000000000000000000e+00 -1.612903225806450180e-02
0.000000000000000000e+00 -1.478494623655915441e-02
0.000000000000000000e+00 -1.478494623655912665e-02
0.000000000000000000e+00 -1.612903225806452956e-02
0.000000000000000000e+00 -1.478494623655912665e-02
0.000000000000000000e+00 -1.612903225806452956e-02
0.000000000000000000e+00 -1.478494623655912665e-02
0.000000000000000000e+00 -1.478494623655914053e-02
0.000000000000000000e+00 -1.612903225806451568e-02
0.000000000000000000e+00 -1.478494623655914053e-02
0.000000000000000000e+00 -1.612903225806451568e-02
0.000000000000000000e+00 -1.478494623655914053e-02
0.000000000000000000e+00 -1.478494623655914053e-02
0.000000000000000000e+00 -1.612903225806451915e-02
0.000000000000000000e+00 -1.478494623655913880e-02
0.000000000000000000e+00 -1.478494623655913880e-02
0.000000000000000000e+00 -1.612903225806451568e-02
0.000000000000000000e+00 -1.478494623655914053e-02
0.000000000000000000e+00 -1.612903225806451568e-02
0.000000000000000000e+00 -1.478494623655914053e-02
0.000000000000000000e+00 -1.478494623655914053e-02
-2.214839424141745727e-03 -1.612903225806451568e-02
-1.107419712070872864e-03 -1.478494623655914053e-02
0.000000000000000000e+00 -1.612903225806451568e-02
0.000000000000000000e+00 -1.478494623655914053e-02
0.000000000000000000e+00 -1.478494623655912665e-02
0.000000000000000000e+00 -1.612903225806452956e-02
0.000000000000000000e+00 -1.478494623655912665e-02
1.107419712070872864e-03 -1.612903225806452956e-02
0.000000000000000000e+00 -1.478494623655912665e-02
2.214839424141745727e-03 -1.478494623655915441e-02
0.000000000000000000e+00 2.688172043010750301e-03
0.000000000000000000e+00 1.478494623655915441e-02
0.000000000000000000e+00 1.612903225806450180e-02
0.000000000000000000e+00 1.478494623655915441e-02
0.000000000000000000e+00 1.478494623655912665e-02
0.000000000000000000e+00 1.612903225806452956e-02
0.000000000000000000e+00 1.478494623655912665e-02
0.000000000000000000e+00 1.478494623655914053e-02
0.000000000000000000e+00 1.612903225806451568e-02
0.000000000000000000e+00 1.478494623655914053e-02
1.107419712070886741e-03 1.612903225806451568e-02
3.322259136212618591e-03 1.478494623655914053e-02
3.322259136212618591e-03 1.478494623655914053e-02
4.429678848283505332e-03 1.612903225806451915e-02
4.429678848283505332e-03 1.478494623655913880e-02
5.537098560354371257e-03 1.612903225806451568e-02
5.537098560354371257e-03 1.478494623655913880e-02
5.537098560354378196e-03 1.478494623655914053e-02
6.644518272425244121e-03 1.612903225806451568e-02
8.859357696567000257e-03 1.478494623655914053e-02
1.218161683277962232e-02 1.612903225806451568e-02
1.218161683277962579e-02 8.064516129032264780e-03
1.218161683277962232e-02 6.720430107526875751e-03
1.328903654485049865e-02 5.376344086021500601e-03
1.218161683277962579e-02 4.032258064516139329e-03
1.328903654485049518e-02 0.000000000000000000e+00
1.218161683277962232e-02 0.000000000000000000e+00
1.218161683277962926e-02 0.000000000000000000e+00
1.328903654485048824e-02 -2.688172043010764178e-03
1.218161683277962926e-02 -8.064516129032250902e-03
1.328903654485050212e-02 -8.064516129032264780e-03
1.218161683277961538e-02 -1.209677419354837635e-02
1.107419712070875639e-02 -1.478494623655914747e-02
7.751937984496110046e-03 -1.612903225806451568e-02
6.644518272425264938e-03 -1.478494623655913706e-02
4.429678848283491455e-03 -1.478494623655914053e-02
4.429678848283491455e-03 -1.612903225806451568e-02
4.429678848283519210e-03 -1.478494623655914053e-02
3.322259136212618591e-03 -1.612903225806451915e-02
2.214839424141745727e-03 -1.478494623655913359e-02
2.214839424141745727e-03 -1.478494623655914053e-02
2.214839424141745727e-03 -1.612903225806451568e-02
0.000000000000000000e+00 -1.478494623655914053e-02
0.000000000000000000e+00 -1.612903225806451568e-02
0.000000000000000000e+00 -1.478494623655915441e-02
0.000000000000000000e+00 -1.478494623655912665e-02
0.000000000000000000e+00 -1.612903225806452956e-02
-4.429678848283491455e-03 -1.478494623655912665e-02
-9.966777408637883529e-03 -1.612903225806452956e-02
-1.107419712070872864e-02 -1.478494623655912665e-02
-1.218161683277962926e-02 -8.064516129032250902e-03
-1.328903654485050212e-02 -8.064516129032278657e-03
-1.218161683277962926e-02 -5.376344086021500601e-03
-1.328903654485048824e-02 -4.032258064516125451e-03
-1.218161683277962926e-02 -2.688172043010750301e-03
-1.218161683277961538e-02 -5.376344086021500601e-03
-1.328903654485050212e-02 -2.688172043010750301e-03
-1.218161683277962232e-02 -4.032258064516125451e-03
-1.218161683277962579e-02 -1.344086021505375150e-03
-1.328903654485049865e-02 1.344086021505375150e-03
-1.218161683277962405e-02 2.688172043010750301e-03
-1.328903654485049865e-02 2.688172043010750301e-03
-1.218161683277962405e-02 2.688172043010750301e-03
-1.218161683277962232e-02 1.344086021505375150e-03
-1.328903654485049518e-02 2.688172043010750301e-03
-1.218161683277962926e-02 2.688172043010750301e-03
-1.328903654485050212e-02 6.720430107526875751e-03
3.322259136212632469e-03 -1.344086021505375150e-03
1.218161683277962232e-02 -5.376344086021500601e-03
1.328903654485049518e-02 -2.688172043010750301e-03
1.218161683277962579e-02 -2.688172043010750301e-03
1.328903654485049865e-02 -2.688172043010750301e-03
1.218161683277962232e-02 -1.344086021505375150e-03
1.218161683277962405e-02 -2.688172043010750301e-03
1.328903654485049865e-02 -4.032258064516125451e-03
1.218161683277962232e-02 0.000000000000000000e+00
1.328903654485049518e-02 2.688172043010750301e-03
1.218161683277962926e-02 2.688172043010750301e-03
1.218161683277962232e-02 4.032258064516125451e-03
1.328903654485050212e-02 4.032258064516125451e-03
1.218161683277961538e-02 4.032258064516125451e-03
1.218161683277962926e-02 4.032258064516125451e-03
1.328903654485048824e-02 5.376344086021528357e-03
1.218161683277962926e-02 8.064516129032250902e-03
1.328903654485050212e-02 1.075268817204300120e-02
1.107419712070875639e-02 1.478494623655915441e-02
7.751937984496110046e-03 1.478494623655912665e-02
3.322259136212618591e-03 1.612903225806452956e-02
0.000000000000000000e+00 1.478494623655912665e-02
0.000000000000000000e+00 1.612903225806451568e-02
0.000000000000000000e+00 1.478494623655914053e-02
0.000000000000000000e+00 1.478494623655914053e-02
-1.107419712070872864e-03 1.612903225806451568e-02
-1.107419712070872864e-03 1.478494623655914053e-02
-2.214839424141745727e-03 1.612903225806451568e-02
-2.214839424141745727e-03 1.478494623655914053e-02
-4.429678848283491455e-03 1.478494623655914053e-02
-4.429678848283519210e-03 1.612903225806451568e-02
-4.429678848283491455e-03 1.478494623655913880e-02
-4.429678848283491455e-03 1.612903225806451568e-02
-7.751937984496137801e-03 1.478494623655914053e-02
-7.751937984496110046e-03 1.478494623655914053e-02
-1.218161683277962926e-02 1.612903225806451568e-02
-1.218161683277962926e-02 1.075268817204301508e-02
-1.328903654485048824e-02 8.064516129032250902e-03
-1.218161683277962926e-02 5.376344086021500601e-03
-1.218161683277962926e-02 2.688172043010764178e-03
-1.328903654485049518e-02 0.000000000000000000e+00
-1.218161683277962232e-02 0.000000000000000000e+00
-1.218161683277962232e-02 -1.344086021505375150e-03
-1.328903654485049865e-02 -4.032258064516139329e-03
-1.218161683277962232e-02 -5.376344086021500601e-03
-1.328903654485049865e-02 -6.720430107526889629e-03
-1.218161683277962232e-02 -1.075268817204300120e-02
-9.966777408637876590e-03 -1.478494623655914053e-02
-8.859357696566996787e-03 -1.612903225806451568e-02
-6.644518272425251060e-03 -1.478494623655914400e-02
-5.537098560354371257e-03 -1.612903225806451568e-02
-5.537098560354378196e-03 -1.478494623655914053e-02
-5.537098560354378196e-03 -1.478494623655913880e-02
-4.429678848283491455e-03 -1.612903225806451568e-02
-4.429678848283505332e-03 -1.478494623655914053e-02
-3.322259136212618591e-03 -1.612903225806451568e-02
-3.322259136212632469e-03 -1.344086021505375150e-03
0.000000000000000000e+00 1.478494623655914053e-02
0.000000000000000000e+00 1.612903225806451568e-02
0.000000000000000000e+00 1.478494623655913706e-02
0.000000000000000000e+00 1.612903225806451568e-02
0.000000000000000000e+00 1.478494623655914053e-02
0.000000000000000000e+00 1.478494623655914053e-02
0.000000000000000000e+00 1.612903225806451221e-02
0.000000000000000000e+00 1.478494623655914053e-02
0.000000000000000000e+00 1.478494623655914747e-02
0.000000000000000000e+00 1.612903225806451568e-02
0.000000000000000000e+00 1.478494623655914053e-02
0.000000000000000000e+00 1.612903225806451568e-02
0.000000000000000000e+00 1.478494623655914053e-02
0.000000000000000000e+00 1.478494623655912665e-02
0.000000000000000000e+00 1.612903225806452956e-02
0.000000000000000000e+00 1.478494623655912665e-02
0.000000000000000000e+00 1.612903225806452956e-02
0.000000000000000000e+00 1.478494623655912665e-02
0.000000000000000000e+00 1.478494623655915441e-02
0.000000000000000000e+00 1.612903225806450180e-02
0.000000000000000000e+00 1.478494623655915441e-02
0.000000000000000000e+00 1.612903225806450180e-02
0.000000000000000000e+00 1.478494623655912665e-02
0.000000000000000000e+00 1.478494623655918216e-02
0.000000000000000000e+00 1.612903225806450180e-02
0.000000000000000000e+00 1.478494623655912665e-02
0.000000000000000000e+00 1.612903225806450180e-02
0.000000000000000000e+00 1.478494623655918216e-02
0.000000000000000000e+00 1.478494623655912665e-02
0.000000000000000000e+00 1.612903225806450180e-02
0.000000000000000000e+00 1.478494623655912665e-02
0.000000000000000000e+00 1.612903225806455731e-02
