1.97760 0.27056 1
1.42006 -0.88857 1
1.23943 -1.19159 1
1.32610 -1.32284 1
1.36791 -1.29460 1
1.26342 -1.42493 1
1.06781 -1.68331 1
1.02315 -1.72561 1
0.76208 -1.92412 1
0.85082 -1.78976 1
0.69025 -1.94285 1
0.57803 -2.01457 1
0.34463 -2.05129 1
0.31913 -2.00758 1
0.08409 -2.08552 1
0.00000 -2.11341 1
0.00000 -2.11341 1
0.00000 -2.11341 1
-0.80645 -1.63750 1
-1.51185 -0.60156 1
-1.75943 0.81169 1
-1.16420 1.54167 1
-0.80645 1.66043 1
-0.20161 2.04655 1
-0.60484 1.98555 1
-0.40323 1.97969 1
0.00000 2.11341 1
0.00000 2.11341 1
-0.20161 2.07707 1
0.00000 2.11341 1
0.00000 2.11341 1
0.20161 2.08874 1
0.40323 2.04073 1
0.00000 2.11341 1
0.00000 2.11341 1
0.00000 2.11341 1
1.10558 1.71212 1
0.92482 1.62338 1
1.70704 0.54113 1
1.40031 -1.21300 1
0.92785 -1.53882 1
0.58763 -1.84222 1
-0.28949 -2.01741 1
-1.63043 -0.69375 1
0.33396 1.65953 1
1.31776 1.31666 1
1.83099 -0.40661 1
1.22839 -1.17462 1
0.23302 -1.39496 1
