0.000000 0.000000 1
1.858469 3.646860 1
-0.574439 4.898850 1
-0.933575 4.724012 1
-0.886757 4.616070 1
-0.802872 4.533093 1
-0.669280 4.489355 1
-0.475764 4.468545 1
-0.241628 4.163137 1
0.001385 4.527266 1
0.346024 4.737382 1
1.007510 6.977076 1
0.901861 0.599794 1
1.157351 -3.460463 1
1.772608 -5.205263 1
0.851828 -1.842191 0
0.000000 0.000000 0
0.000000 0.000000 0
23.265694 -24.691276 1
1.987825 0.623154 1
2.145624 0.082069 1
2.448000 -0.358449 1
2.260023 -0.358777 1
2.352064 -0.392546 1
2.251053 -0.408426 1
2.141277 -0.404178 1
2.038522 -0.418376 1
1.915872 -0.416829 1
1.798518 -0.438301 1
1.590110 -0.413330 1
2.426244 -0.564774 1
2.109811 -0.308576 1
1.243908 -0.075217 0
0.000000 0.000000 0
0.000000 0.000000 0
-12.731202 -16.664139 1
1.029247 4.364115 1
0.016170 5.452543 1
0.028702 5.079505 1
0.031791 4.842904 1
0.024721 4.748551 1
0.010306 4.795720 1
-0.040279 6.373627 1
-0.175664 5.302844 1
-0.443306 5.082808 1
-0.812657 4.569475 1
-1.303580 4.171609 1
-1.884423 3.889979 1
-2.590860 3.742445 1
-3.403488 3.712991 1
