0.648636 -0.77279 1
1.476263 -1.28962 1
1.291653 -2.41572 1
-0.03011 -0.18367 1
-0.26493 -0.26199 1
-0.406622 -0.38268 1
-0.289118 -0.24627 1
-0.55635 -0.52727 1
-0.885031 -0.71755 1
-2.310027 -1.33729 1
-3.308679 -1.83921 1
-6.075538 -1.88952 1
-2.167289 -0.0394 1
-5.050104 0.76205 1
-7.008399 1.48292 1
-2.978087 1.09626 1
-5.567521 2.10051 1
-7.965183 4.16174 1
-2.804973 2.41137 1
-4.275307 5.4813 1
-4.592527 9.13667 1
-0.0834 0.96108 1
-0.189203 1.94812 1
0 2.89407 1
0.467408 2.33688 1
1.202457 4.28835 1
3.229121 5.62072 1
1.894848 1.24572 1
4.265035 1.13402 1
6.386488 0.7893 1
3.508314 -0.57007 1
6.137894 -2.39878 1
9.161156 -4.23347 1
2.830811 -1.71791 1
5.596469 -3.54095 1
8.395724 -5.30981 1
1.793285 -1.13319 1
3.617547 -2.2186 1
5.381889 -3.39634 1
1.187167 -0.79247 1
2.360761 -1.61101 1
3.468307 -2.5114 1
1.559298 -1.26765 1
3.080141 -2.59613 1
3.707529 -4.59225 1
0.10554 -0.33578 1
0.04875 -0.82607 1
-0.239204 -1.02848 1
-0.621041 -0.43655 1
-1.417551 -0.66724 1
-2.176669 -0.66971 1
-2.925403 -0.01 1
-5.830075 -0.18178 1
-7.22367 2.79841 1
-0.599086 1.28113 1
-0.341487 5.94904 1
-0.287039 6.96014 1
0.232207 4.31215 1
0.418037 5.24874 1
0.789348 9.1845 1
0.0398 0.42188 1
0.04311 0.84717 1
0.09566 1.26766 1
0.02077 0.16612 1
-0.0552 -0.34422 1
0 -0.50228 1
0.124637 -0.35687 1
0.286247 -0.71249 1
0.526243 -1.00455 1
1.483873 -1.80572 1
2.431722 -2.46151 1
4.305488 -3.82688 1
0.722164 -0.52622 1
1.43401 -1.07167 1
2.200606 -1.53075 1
0.688289 -0.41219 1
1.351015 -1.1057 1
2.152753 -1.07632 1
2.137701 0.0783 1
2.534343 1.41198 1
3.276954 2.84626 1
0.674608 1.30294 1
1.158806 2.68923 1
2.391939 3.63553 1
0.438095 0.33619 1
1.027629 0.53802 1
1.578692 0.50227 1
2.012747 -0.13055 1
3.665871 -1.21889 1
5.381874 -2.10478 1
0.868188 -0.44819 1
1.722043 -0.9258 1
2.607228 -1.33941 1
1.50658 -0.70397 1
3.911214 -1.59131 1
5.429708 -2.15261 1
0.707305 -0.26146 1
1.40172 -0.56553 1
2.128834 -0.76538 1
1.782091 -0.48984 1
3.103039 -0.70296 1
4.879584 -0.81321 1
0.501406 -0.0311 1
1.006692 -0.0702 1
1.506924 -0.0239 1
0.367773 0.034 1
0.733835 0.12488 1
1.076351 0.26308 1
0.200514 0.0809 1
0.369618 0.40622 1
0.334872 0.43054 1
-0.07864 0.0551 1
-0.197313 0.0581 1
-0.287004 0.0239 1
-0.526534 -0.20091 1
-1.008692 -0.50555 1
-1.53086 -0.71754 1
-1.105141 -0.44868 1
-2.448894 -0.9588 1
-3.683593 -0.64579 1
-0.533778 0.13531 1
-1.033013 0.49229 1
-1.363424 0.93281 1
-1.412492 1.8832 1
-1.747298 3.43413 1
-2.080967 5.66856 1
-0.124092 0.83098 1
-0.443021 1.70263 1
-0.215307 2.51138 1
0.08223 0.29205 1
0.671433 0.14095 1
0.90895 -0.0478 1
0.45008 -0.35773 1
0.642403 -0.95372 1
0.956783 -1.43508 1
0.45107 -0.69066 1
0.888341 -1.39026 1
1.33949 -2.08086 1
0.194707 -0.29806 1
0.399095 -0.58967 1
0.597975 -0.88496 1
0.06424 -0.0954 1
0.07651 -0.28155 1
0.19137 -0.28702 1
0.5256 -0.025 1
1.797592 0.7486 1
2.009235 0.98064 1
0.610976 0.66988 1
1.069277 1.46791 1
1.530858 2.24828 1
0.429774 0.72659 1
0.666171 1.9912 1
1.554761 2.46357 1
1.028877 0.54695 1
2.518381 -0.0458 1
3.348731 -0.50229 1
1.8139 -0.9973 1
3.49507 -2.21975 1
5.21442 -3.37243 1
2.63722 -1.76803 1
3.19628 -2.73439 1
6.243 -3.46811 1
0.49706 -0.11971 1
1.02917 -0.003 1
1.53083 0.0957 1
0.47996 0.0944 1
0.92178 0.32821 1
1.38732 0.47838 1
0.0304 0.01 1
0.11826 0.0226 1
0.0957 0 1
-0.19726 -0.19726 1
-1.6926 -1.44786 1
-1.77006 -1.50684 1
-0.40998 -0.31212 1
-1.49627 -1.23755 1
-2.20057 -0.90889 1
-0.73769 0.34423 1
-1.10053 2.67884 1
-1.12422 2.98975 1
-0.0947 1.24238 1
-0.42131 5.26097 1
2.00923 5.23804 1
1.5887 -0.015 1
3.04225 -3.04059 1
3.77927 -3.9943 1
0.0617 -0.0798 1
0.20031 -0.0442 1
0.28703 -0.0957 1
0.17139 -0.10176 1
0.35215 -0.20451 1
0.47838 -0.35877 1
0.60054 -0.73395 1
0.6348 -1.91165 1
1.60263 -2.36788 1
0.27414 -0.12924 1
0.61629 -0.10284 1
0.90891 -0.0239 1
1.64322 0.44317 1
3.20826 1.15116 1
4.85565 1.57859 1
1.09496 0.28409 1
2.21874 0.49801 1
3.34876 0.5501 1
1.13378 0.0523 1
2.27804 -0.0465 1
3.39654 -0.23917 1
1.6817 -0.28973 1
4.27095 -1.65147 1
6.19515 -0.83712 1
1.22228 0.51728 1
2.26271 1.41244 1
3.25301 2.29611 1
0.80207 0.7157 1
1.4609 1.58551 1
2.081 2.46357 1
0.83897 1.18794 1
1.83665 2.6557 1
1.00462 4.20955 1
-0.55569 1.03777 1
-2.74372 1.38641 1
-3.61183 1.43509 1
-0.61312 0.0344 1
-3.79916 0.10062 1
-4.59254 -0.81321 1
-0.65597 -0.75555 1
-0.36283 -1.23904 1
-0.0957 -1.81778 1