0.000000 0.000000 1
11.549882 2.888174 1
8.338307 1.772063 1
0.000000 0.000000 0
0.000000 0.000000 0
0.000000 0.000000 0
0.000000 0.000000 0
0.000000 0.000000 0
0.000000 0.000000 0
0.000000 0.000000 0
0.000000 0.000000 0
0.000000 0.000000 0
0.000000 0.000000 0
0.000000 0.000000 0
0.000000 0.000000 0
0.000000 0.000000 0
0.000000 0.000000 0
0.000000 0.000000 0
0.000000 0.000000 0
0.000000 0.000000 0
0.000000 0.000000 0
0.000000 0.000000 0
0.000000 0.000000 0
-22.925674 28.421418 1
9.413529 -3.735496 1
11.584867 -5.472958 1
8.595968 -0.364417 1
-6.155309 9.069888 1
-7.284552 8.406981 1
-7.506192 8.553776 1
-7.513803 8.426550 1
-7.311966 8.020856 1
-6.763106 8.234072 1
10.762673 -9.451452 1
8.429242 -8.379161 1
6.034780 -3.379561 1
5.575012 4.458943 1
1.195113 12.645016 1
4.579106 7.661223 1
17.776072 0.554859 1
