0.000000 0.000000 1
1.314440 0.483880 1
1.430150 0.488178 1
1.379228 0.430870 1
1.331534 0.377449 1
1.286783 0.320451 1
1.247789 0.270592 1
1.215097 0.219587 1
1.185692 0.166865 1
1.154880 0.129167 1
1.139782 0.080841 1
1.115578 0.030335 1
1.812444 0.014481 1
1.740441 0.076922 1
1.318365 0.145153 1
0.905006 0.221901 1
0.495854 0.319907 1
0.079799 0.422117 1
-0.320933 0.523702 1
-0.735227 0.645962 1
-1.140031 0.775113 1
-1.542839 0.913476 1
-1.939387 1.058473 1
-0.484934 0.255859 0
0.000000 0.000000 0
0.000000 0.000000 0
0.000000 0.000000 0
-21.259621 23.930584 1
7.631362 -0.224429 1
7.954102 -3.638171 1
9.159435 -4.335475 1
7.649066 -2.054559 1
-1.393461 6.669129 1
-5.564756 6.454497 1
-5.794975 6.663957 1
-5.911364 6.739672 1
-5.931347 6.683537 1
-5.848808 6.484938 1
-5.666415 6.148864 1
-4.869022 6.466967 1
8.735124 -7.567160 1
7.493304 -7.775065 1
5.408633 -4.549626 1
4.528635 -1.580848 1
4.445745 4.313124 1
1.006093 9.887020 1
1.779619 8.447989 1
6.470872 3.137354 1
9.751146 0.179230 1
8.953951 -1.301436 1
