0.000000 0.000000 1
1.298683 1.885677 1
0.628065 2.317875 1
-0.278700 2.610814 1
-0.564383 3.106053 1
-0.385971 2.972255 1
-0.211023 2.847554 1
-0.038997 2.723668 1
0.127094 2.600024 1
0.282554 2.493363 1
0.444506 2.378034 1
0.588128 2.262484 1
0.733142 2.158178 1
0.878180 2.060374 1
1.007488 1.958426 1
1.138593 1.858981 1
1.266982 1.774781 1
1.381547 1.688771 1
2.096294 2.197293 1
1.808231 1.407604 1
0.836508 -0.384333 1
0.294481 -1.965560 1
0.186414 -3.338655 1
0.069667 -0.907171 0
0.000000 0.000000 0
0.000000 0.000000 0
0.000000 0.000000 0
26.905938 -31.864848 1
1.065060 0.911645 1
1.057479 0.944545 1
1.028939 0.975779 1
1.013979 1.002992 1
0.989991 1.034120 1
0.965415 1.062295 1
0.927385 1.093239 1
0.899107 1.126381 1
0.863154 1.163616 1
0.825645 1.194331 1
0.783912 1.223513 1
0.739147 1.266667 1
0.687082 1.300722 1
0.640122 1.335986 1
0.580212 1.371320 1
0.525833 1.410493 1
0.465310 1.447893 1
0.400096 1.488332 1
0.339409 1.526279 1
0.264790 1.571655 1
0.195946 1.607518 1
0.116395 1.651928 1
