0.000000 0.000000 1
5.092450 1.536720 1
10.261352 -2.866026 1
8.818156 -1.736471 1
5.805531 0.348833 1
3.376061 2.240891 1
1.542382 3.953977 1
0.317262 5.631056 1
-0.311188 6.291180 1
-0.897833 6.383110 1
-1.525565 6.089323 1
-3.378368 8.724289 1
-4.263908 7.391573 1
-3.510386 1.611489 1
-3.377371 -2.418705 1
-1.290979 -1.508542 0
0.000000 0.000000 0
0.000000 0.000000 0
6.209780 -58.578948 1
-0.718305 5.043508 1
-1.833482 4.985985 1
-2.183136 5.368833 1
-2.227519 5.140021 1
-2.476290 5.474700 1
-2.433794 5.176572 1
-2.257713 4.667377 1
-1.932261 3.908541 1
-1.484353 2.934255 1
-0.888799 1.705754 1
-2.046445 3.777427 1
-2.424823 4.388639 1
-2.403352 4.099133 1
-1.666388 2.603020 0
0.000000 0.000000 0
0.000000 0.000000 0
53.353246 -48.356680 1
1.311029 1.278608 1
1.365047 1.424327 1
1.307365 1.473225 1
1.245087 1.514924 1
1.177495 1.555233 1
1.107402 1.593425 1
1.034046 1.627481 1
0.890859 1.536963 1
0.879334 1.673206 1
0.794021 1.706068 1
0.693176 1.727689 1
0.608449 1.738839 1
0.504169 1.757377 1
0.399737 1.767288 1
