0.000000 0.000000 1
3.678214 0.855396 1
3.088234 -0.116443 1
3.384489 -0.596633 1
3.953055 -0.784132 1
4.008468 -0.856294 1
4.217311 -0.957294 1
3.929620 -0.948822 1
3.338983 -0.873584 1
2.360753 -0.699280 1
3.295033 -1.223897 1
1.855646 -0.943783 0
0.000000 0.000000 0
-30.755819 25.828275 1
4.169732 0.799142 1
3.171363 -0.318536 1
3.786816 -0.734014 1
4.093395 -0.866726 1
4.545970 -1.043398 1
4.481495 -1.088059 1
4.094036 -1.065444 1
3.243620 -0.907675 1
2.450831 -0.804190 1
3.791703 -1.556515 1
1.284886 -0.744011 0
0.000000 0.000000 0
-32.135047 -24.897262 1
3.377426 6.414107 1
3.059214 6.340143 1
3.381023 6.064433 1
3.977791 6.358942 1
4.296075 6.197240 1
4.513212 5.925906 1
4.384738 5.256817 1
5.683821 6.364886 1
0.993778 2.699609 1
-7.454420 -2.120702 1
-2.881301 -1.036252 0
0.000000 0.000000 0
-31.611981 20.587241 1
3.341338 2.174297 1
3.374607 1.576787 1
3.736870 1.193171 1
3.840290 0.759417 1
3.891370 0.362882 1
3.685210 0.023653 1
3.822779 -0.280356 1
3.696147 -0.548147 1
3.505747 -0.765999 1
3.255627 -0.951117 1
