0.000000 0.000000 1
3.846521 1.781350 1
5.807660 -0.542438 1
5.601143 -0.677059 1
5.342142 -0.643450 1
5.140835 -0.624292 1
5.000037 -0.608870 1
4.920293 -0.605469 1
4.898588 -0.614660 1
4.930227 -0.619702 1
5.032334 -0.646246 1
5.180084 -0.685845 1
5.975356 -0.364856 1
3.024083 2.105337 1
-1.963242 4.847538 1
-3.022564 3.588452 1
-3.006778 3.444634 1
-3.263891 3.655035 1
-3.469380 3.824113 1
-3.652127 3.973165 1
-3.789082 4.088410 1
-3.887740 4.172168 1
-3.943835 4.221860 1
-0.880480 0.941798 0
0.000000 0.000000 0
0.000000 0.000000 0
0.000000 0.000000 0
-11.819514 -8.781680 1
1.134926 0.894681 1
1.136173 0.933831 1
1.117187 0.969507 1
1.112508 0.999352 1
1.099529 1.031302 1
1.086688 1.058489 1
1.061121 1.086635 1
1.046033 1.115170 1
1.023998 1.145988 1
1.001133 1.168477 1
0.974771 1.187622 1
0.946105 1.218930 1
0.910866 1.239329 1
0.881459 1.259127 1
0.839829 1.277186 1
0.804458 1.297273 1
0.763669 1.313778 1
0.718917 1.331513 1
0.679419 1.344945 1
0.626716 1.363997 1
0.580515 1.371726 1
0.524335 1.386193 1
