0.000000 0.000000 1
0.657361 3.782268 1
-0.951698 4.320044 1
-1.544868 2.488882 1
-1.805088 2.892917 1
-2.063626 3.288194 1
-2.250646 3.614624 1
-2.422309 3.873577 1
-2.542002 4.057869 1
-2.605034 4.178080 1
-2.641720 4.216160 1
-2.619760 4.197673 1
-2.562504 4.102774 1
-2.453330 3.942634 1
-2.305406 3.706103 1
-2.114845 3.404201 1
-1.874258 3.031096 1
-1.943978 3.164550 1
-3.244443 5.491330 1
-2.247738 4.268663 1
-0.808854 2.150818 1
0.565132 -0.050078 1
1.874133 -2.322343 1
3.126053 -4.679598 1
4.199338 -6.689011 1
4.233543 -5.870391 1
4.042979 -4.574064 1
3.797204 -3.345275 1
3.525872 -2.201838 1
3.212914 -1.133393 1
2.872336 -0.147684 1
2.498453 0.763251 1
2.085145 1.594875 1
1.969748 3.030602 1
1.030493 3.176081 1
0.502181 3.746246 1
0.144727 4.704444 1
0.600129 4.526936 1
1.094095 3.786040 1
1.539059 3.023901 1
1.943639 2.243777 1
2.285121 1.435765 1
2.593724 0.615666 1
2.838119 -0.229365 1
3.046621 -1.093386 1
3.199808 -1.981282 1
3.305270 -2.879298 1
3.363108 -3.803728 1
3.375697 -4.753889 1
4.154562 -7.298295 1
