0.000000 0.000000 1
1.640201 1.512276 1
1.185769 2.143728 1
0.616049 2.650183 1
0.411288 2.612069 1
0.426061 2.593651 1
0.446336 2.579606 1
0.472658 2.561651 1
0.502012 2.539214 1
0.529704 2.529035 1
0.572856 2.505464 1
0.606646 2.476949 1
0.650796 2.454952 1
0.703938 2.434734 1
0.750318 2.405646 1
0.807462 2.374337 1
0.870859 2.353549 1
0.933212 2.334796 1
1.029446 2.305459 1
1.110197 2.256244 1
1.210108 2.223707 1
1.321684 2.210165 1
1.449191 2.213043 1
0.340225 0.494115 0
0.000000 0.000000 0
0.000000 0.000000 0
0.000000 0.000000 0
13.663065 -60.544861 1
-1.926930 12.435141 1
-4.551649 13.850642 1
-5.300596 13.515571 1
-4.897376 10.721178 1
-9.941669 11.616186 1
-9.116370 -4.901813 1
-2.849390 -10.045737 1
3.966938 -10.836838 1
9.001551 -9.616767 1
12.203026 -7.464619 1
13.568694 -4.375409 1
13.099747 -0.333630 1
10.870160 4.699749 1
7.430112 10.724323 1
1.254474 12.948806 1
-6.743731 15.796123 1
-11.999072 6.735251 1
-10.751676 -1.018265 1
-2.893528 -7.625079 1
9.764103 -3.980960 1
14.577555 3.895440 1
10.956809 7.949319 1
