0.000000 0.000000 1
16.769362 -1.453478 1
4.625290 -1.414080 0
0.000000 0.000000 0
0.000000 0.000000 0
0.000000 0.000000 0
0.000000 0.000000 0
0.000000 0.000000 0
0.000000 0.000000 0
0.000000 0.000000 0
0.000000 0.000000 0
0.000000 0.000000 0
0.000000 0.000000 0
0.000000 0.000000 0
0.000000 0.000000 0
-6.347891 -12.473900 1
0.892268 15.801703 1
-0.847971 18.722968 1
0.234327 16.308408 1
-6.948615 7.192719 1
-7.105827 -13.765416 1
14.098632 -9.734909 1
19.582319 -4.768752 1
16.816921 6.478220 1
1.322583 12.346813 1
-12.818028 10.363224 1
0.000000 0.000000 0
0.000000 0.000000 0
0.000000 0.000000 0
0.000000 0.000000 0
0.000000 0.000000 0
0.000000 0.000000 0
0.000000 0.000000 0
0.000000 0.000000 0
0.000000 0.000000 0
0.000000 0.000000 0
0.000000 0.000000 0
0.000000 0.000000 0
0.000000 0.000000 0
8.884868 -46.207168 1
