0.000000 0.000000 1
1.350991 0.879200 1
1.847654 0.729751 1
1.738912 0.077466 1
1.210445 -0.248950 1
1.829224 -0.454952 1
2.252060 -0.595057 1
2.489171 -0.685573 1
2.335841 -0.661942 1
2.356686 -0.685999 1
2.011514 -0.597571 1
1.456605 -0.450540 1
0.858272 -0.313947 1
1.745415 -0.601102 1
1.951245 -0.636759 1
0.659371 -0.241616 0
0.000000 0.000000 0
0.000000 0.000000 0
-9.263223 -3.560551 1
-1.182608 12.622778 1
-0.551220 14.113914 1
0.059083 12.855899 1
0.305931 11.206700 1
-9.611442 -1.589667 1
-6.847658 -8.451052 1
5.669664 -6.982215 1
11.919735 -7.102012 1
14.591972 -4.043125 1
15.209292 2.133182 1
7.104423 7.198972 1
-0.405911 9.318805 1
-8.301293 8.318464 1
-10.475734 3.549796 0
0.000000 0.000000 0
0.000000 0.000000 0
6.014987 -55.335599 1
1.234165 0.685617 1
1.224454 0.763230 1
1.113726 0.780891 1
1.005479 0.783247 1
0.898997 0.776106 1
0.797094 0.758743 1
0.699005 0.729139 1
0.563791 0.638700 1
0.839435 1.052973 1
1.060312 1.787035 1
0.036019 0.974270 1
-0.609871 0.421280 1
-0.913033 0.145924 1
-0.854064 0.132186 1
