0.000000 0.000000 1
3.895390 1.519956 1
5.636345 -0.428051 1
6.686705 -1.171768 1
6.197822 -1.077819 1
5.866089 -1.011505 1
5.583667 -0.942356 1
5.360776 -0.886684 1
4.804817 -0.772914 1
5.033741 -0.783267 1
4.946816 -0.733339 1
4.895408 -0.687872 1
5.831144 -0.708448 1
5.403519 -0.301411 1
5.185216 0.235125 1
1.903998 0.228076 0
0.000000 0.000000 0
0.000000 0.000000 0
-22.152279 -22.676784 1
0.907544 4.185614 1
-0.000237 5.336846 1
0.001630 4.800981 1
-0.002646 4.023540 1
0.003263 3.889214 1
-0.000057 3.454478 1
-0.074805 6.295776 1
-0.596569 7.793509 1
-1.144527 5.157862 1
-1.593238 2.923741 1
-1.818252 1.110483 1
-2.231276 -0.154236 1
-2.436157 -1.123585 1
-1.804743 -1.169714 0
0.000000 0.000000 0
0.000000 0.000000 0
-23.493033 -38.285572 1
1.068694 5.946975 1
0.001766 7.238783 1
0.001450 7.842052 1
0.000797 7.510253 1
-0.000910 6.249194 1
0.041465 5.355882 1
1.199926 7.285196 1
2.627951 4.856012 1
4.508345 3.384936 1
6.301891 1.715081 1
8.073556 0.327421 1
6.938012 -0.080939 1
5.848816 -0.423697 1
6.652020 -1.066453 1
