0.005181 -0.009016 1.000000
0.000000 0.016891 1.000000
-0.001018 0.016834 1.000000
-0.001865 0.016787 1.000000
-0.001865 0.016787 1.000000
-0.003247 0.016558 1.000000
-0.003664 0.016488 1.000000
-0.003664 0.016488 1.000000
-0.003334 0.016558 1.000000
-0.003313 0.016563 1.000000
-0.003313 0.016563 1.000000
-0.004959 0.016125 1.000000
-0.005341 0.016024 1.000000
-0.005341 0.016024 1.000000
-0.004219 0.016351 1.000000
0.008130 0.001145 1.000000
0.004639 -0.015951 1.000000
0.006468 -0.015509 1.000000
0.013817 -0.030225 0.000000
0.013817 -0.030225 0.000000
0.013817 -0.030225 0.000000
0.013817 -0.030225 0.000000
0.013817 -0.030225 0.000000
0.013817 -0.030225 0.000000
0.005181 0.003995 1.000000
-0.000972 0.016407 1.000000
-0.003237 0.016183 1.000000
-0.002605 0.016291 1.000000
-0.002334 0.016338 1.000000
-0.002931 0.016229 1.000000
-0.003580 0.016110 1.000000
-0.003580 0.016111 1.000000
-0.004538 0.015845 1.000000
-0.005219 0.015657 1.000000
-0.005219 0.015657 1.000000
-0.005219 0.015656 1.000000
-0.005219 0.015657 1.000000
-0.005219 0.015657 1.000000
-0.001942 0.016188 1.000000
-0.009499 -0.025043 0.000000
-0.009499 -0.025043 0.000000
-0.009499 -0.025043 0.000000
-0.009499 -0.025043 0.000000
-0.009499 -0.025043 0.000000
-0.009499 -0.025043 0.000000
0.002374 -0.015544 1.000000
0.017918 0.000000 1.000000
0.017918 0.000000 1.000000
0.017918 0.000000 1.000000
0.017918 0.000000 1.000000
0.017918 -0.000000 1.000000
0.017918 0.000000 1.000000
0.017505 -0.003349 1.000000
0.017692 -0.001832 1.000000
-0.025043 0.016408 0.000000
-0.025043 0.016408 0.000000
-0.025043 0.016408 0.000000
-0.025043 0.016408 0.000000
-0.025043 0.016408 0.000000
-0.025043 0.016408 0.000000
0.007530 -0.000783 1.000000
0.017250 -0.005074 1.000000
0.017775 -0.002962 1.000000
0.017892 -0.001543 1.000000
0.018020 0.000000 1.000000
0.017968 0.000928 1.000000
0.017910 0.001990 1.000000
0.017910 0.001990 1.000000
0.018005 0.000273 1.000000
