0.000000 0.000000 1
4.780575 0.865542 1
5.083033 -1.128937 1
4.968922 -1.385234 1
4.940199 -1.394982 1
4.818469 -1.342726 1
5.371330 -0.748960 1
2.113291 3.087648 1
-3.499998 3.991045 1
-4.038656 3.428932 1
-4.310977 3.487036 1
-4.463203 3.494355 1
-4.518683 3.431044 1
-4.460796 3.308274 1
-4.302708 3.114894 1
-4.040535 2.861925 1
-3.666885 2.543535 1
-3.904029 2.640850 1
-4.531293 3.670182 1
1.657897 1.200089 1
6.193744 -1.336040 1
5.158400 -1.298038 1
5.205420 -1.266088 1
5.219648 -1.228472 1
5.196131 -1.162751 1
5.124962 -1.092191 1
5.036536 -1.012898 1
4.889760 -0.908393 1
4.714285 -0.796487 1
4.494044 -0.666822 1
5.892071 -0.674194 1
4.045943 0.083956 1
-3.012223 1.023290 1
-7.870126 1.378947 1
-5.296235 1.573955 1
-5.194142 2.143538 1
-4.924009 2.641269 1
-4.481110 3.060435 1
-3.876589 3.405604 1
-3.105139 3.673406 1
-2.158141 3.867100 1
-1.058310 3.976783 1
0.153010 4.382931 1
1.183381 4.127191 1
2.174234 3.534459 1
3.121366 2.873234 1
4.032367 2.157273 1
4.907339 1.370281 1
5.748656 0.512941 1
8.303822 -0.652199 1
