0.000000 0.000000 1
3.082354 1.011081 1
3.933021 0.006424 1
3.200562 -0.525225 1
3.531065 -0.623681 1
3.574583 -0.665586 1
3.919124 -0.760984 1
3.996647 -0.804727 1
3.975908 -0.829630 1
3.647514 -0.822210 1
3.698063 -1.139326 1
2.151662 -0.787718 0
0.000000 0.000000 0
-17.697979 -11.618384 1
-1.071315 7.725724 1
-2.499246 7.756789 1
-2.498840 7.297270 1
-2.360406 6.580151 1
-2.489048 6.653897 1
-2.469978 6.449119 1
-2.456084 6.319345 1
-2.303516 5.954875 1
-2.533479 6.439216 1
-3.128557 7.579235 1
-0.990999 2.324721 0
0.000000 0.000000 0
37.985186 -36.137711 1
5.300505 -1.112649 1
4.448065 -0.823777 1
3.580337 -0.525734 1
3.265875 -0.286757 1
2.900015 -0.023739 1
4.480664 0.445654 1
3.728155 0.872950 1
-1.525763 0.873046 1
-4.260505 1.022623 1
-4.071998 1.367282 1
-0.560771 0.348939 0
0.000000 0.000000 0
-20.960206 28.429292 1
1.586012 1.663003 1
1.809131 1.296735 1
2.269286 1.083077 1
2.646764 0.808874 1
3.057606 0.540355 1
3.304856 0.281294 1
3.935556 0.055913 1
4.421285 -0.176804 1
4.928948 -0.391117 1
5.462595 -0.604231 1
