0.000000 0.000000 1
2.281675 6.447530 1
-1.096960 8.616299 1
-0.211585 11.670921 1
0.986712 6.753216 1
1.938122 6.009013 1
4.780272 7.788087 1
5.539086 4.908580 1
2.398332 -3.585892 0
0.000000 0.000000 0
0.000000 0.000000 0
0.000000 0.000000 0
0.000000 0.000000 0
0.000000 0.000000 0
0.000000 0.000000 0
0.000000 0.000000 0
0.000000 0.000000 0
0.000000 0.000000 0
0.000000 0.000000 0
0.000000 0.000000 0
0.000000 0.000000 0
0.000000 0.000000 0
0.000000 0.000000 0
0.000000 0.000000 0
0.000000 0.000000 0
34.840044 -41.756470 1
4.999759 4.670996 1
6.578433 8.135346 1
3.408175 6.258567 1
3.065424 10.775137 1
