0.000000 0.000000 1
1.322177 1.823677 1
0.984554 4.050875 1
-0.669205 5.139815 1
-0.561960 5.263596 1
-0.244337 4.923665 1
-0.000794 2.338800 1
0.251976 4.450408 1
0.593560 4.138972 1
0.949868 3.863036 1
1.309099 3.592250 1
0.792944 1.701100 1
1.878993 3.226884 1
2.262181 3.002634 1
3.569560 3.600822 1
2.774445 1.036945 1
1.264958 -2.698738 1
0.346223 -2.547324 1
0.000000 0.000000 0
0.000000 0.000000 0
0.000000 0.000000 0
0.000000 0.000000 0
0.000000 0.000000 0
0.000000 0.000000 0
0.000000 0.000000 0
0.000000 0.000000 0
0.000000 0.000000 0
0.000000 0.000000 0
0.000000 0.000000 0
0.000000 0.000000 0
0.000000 0.000000 0
0.000000 0.000000 0
0.000000 0.000000 0
0.000000 0.000000 0
0.000000 0.000000 0
0.000000 0.000000 0
0.000000 0.000000 0
0.000000 0.000000 0
0.000000 0.000000 0
0.000000 0.000000 0
36.109278 -38.763362 1
2.886066 2.730743 1
2.742980 2.924866 1
2.551795 3.128410 1
1.192404 1.651813 1
2.183360 3.464325 1
1.876263 3.697514 1
1.523921 3.942119 1
1.129849 4.200109 1
0.682818 4.461110 1
