0.000000 0.000000 1
1.151503 0.426582 1
1.234157 0.427818 1
1.169347 0.374829 1
1.107292 0.325705 1
1.047708 0.272984 1
0.993410 0.227379 1
0.944942 0.180607 1
0.899289 0.132097 1
0.851757 0.098589 1
0.819468 0.054432 1
0.988500 0.009857 1
1.580594 0.030453 1
1.263186 0.086139 1
0.936500 0.141119 1
0.618062 0.202041 1
0.303361 0.281646 1
-0.018712 0.362881 1
-0.325931 0.440917 1
-0.647180 0.537052 1
-0.959409 0.637504 1
-1.270112 0.744593 1
-1.575024 0.855742 1
-0.391567 0.205953 0
0.000000 0.000000 0
0.000000 0.000000 0
0.000000 0.000000 0
-16.767360 14.995396 1
2.909486 1.429336 1
4.050142 -0.691919 1
3.290244 -1.621849 1
3.562202 -1.778489 1
3.595826 -1.424067 1
3.399556 -0.565449 1
2.565810 0.486976 1
2.252649 1.500506 1
1.813307 2.668347 1
1.236664 3.979529 1
0.520052 5.439041 1
-0.138761 3.898000 1
-0.530857 3.439185 1
-0.895714 3.344182 1
-1.255460 3.248419 1
-1.591614 3.155663 1
-1.915851 3.060304 1
-2.226718 2.967155 1
-2.514997 2.870682 1
-2.799146 2.780809 1
-3.059459 2.680592 1
-3.312417 2.588092 1
