0.000000 0.000000 1
2.053875 1.050669 1
2.785862 0.233767 1
3.509192 -0.598982 1
3.233867 -0.611655 1
2.957780 -0.577831 1
2.741879 -0.541328 1
2.596384 -0.518453 1
2.316689 -0.460488 1
2.449323 -0.478724 1
2.471641 -0.462044 1
2.540352 -0.449979 1
3.040529 -0.514074 1
2.768655 -0.369748 1
2.520743 -0.098482 1
0.938822 0.037864 0
0.000000 0.000000 0
0.000000 0.000000 0
-16.746408 -4.818712 1
-3.053599 6.910376 1
-3.312872 6.610899 1
-3.628396 6.565397 1
-3.708303 5.984937 1
-4.917558 6.911863 1
-5.314499 7.062026 1
1.385563 -0.443842 1
7.692083 -5.975293 1
5.102206 -3.097294 1
5.397915 -1.616981 1
4.700277 0.787890 1
4.128444 4.303206 1
2.524322 8.950852 1
0.476307 9.825156 0
0.000000 0.000000 0
0.000000 0.000000 0
24.914545 -29.287281 1
-3.887686 3.888362 1
-4.602612 2.403683 1
-7.269691 3.966550 1
-8.680951 5.142801 1
-8.837108 5.938244 1
-7.735350 6.352155 1
-5.376439 6.382514 1
-1.782147 5.617396 1
2.650775 5.735575 1
6.086732 3.449087 1
8.109837 1.241487 1
8.981298 -0.232450 1
8.746819 -0.948197 1
7.702775 -1.152844 1
