0.000000 0.000000 1
5.609383 1.148378 1
6.763053 -3.175139 1
6.512200 -3.266141 1
6.350835 -3.064965 1
6.163548 -2.663695 1
5.962974 -2.048058 1
5.759334 -1.234362 1
5.609577 -0.189989 1
6.647686 1.895966 1
3.883780 4.487537 1
0.126877 5.770762 1
-2.999730 4.735612 1
-5.406083 3.894381 1
-7.170871 2.513507 1
-2.865409 0.459055 0
0.000000 0.000000 0
0.000000 0.000000 0
-17.036386 -35.670823 1
1.262508 0.339845 1
1.229732 0.433776 1
1.177914 0.504955 1
1.021436 0.533162 1
1.011035 0.619295 1
0.886648 0.641624 1
0.737163 0.668734 1
0.578364 0.662049 1
0.383336 0.655764 1
0.576756 1.764030 1
-0.208129 0.658618 1
-0.773145 -0.007697 1
-1.050644 -0.251412 1
-0.738433 -0.063303 0
0.000000 0.000000 0
0.000000 0.000000 0
-19.061572 0.270797 1
1.510754 3.061618 1
0.715145 2.786901 1
0.857832 3.241980 1
1.018713 3.767417 1
1.139053 4.152373 1
1.221664 4.396120 1
1.265784 4.496641 1
1.180441 4.139117 1
1.238150 4.277754 1
1.167145 3.969740 1
1.045380 3.511394 1
0.904506 2.903485 1
1.008691 3.302581 1
1.262182 4.119728 1
