0.0000 0.0000 1
0.0000 -0.0500 1
0.0000 -0.0500 1
0.0000 -0.0500 1
0.0000 -0.0500 1
0.0000 -0.0500 1
0.0000 -0.0500 1
0.0000 -0.0500 1
0.0000 -0.0500 1
0.0000 -0.0500 1
0.0000 -0.0500 1
0.2500 0.1000 0
0.0800 0.0600 1
0.0800 0.0400 1
0.0600 0.0200 1
0.0400 0.0000 1
0.0200 -0.0200 1
0.0000 -0.0400 1
-0.0200 -0.0600 1
-0.0400 -0.0600 1
-0.0600 -0.0400 1
-0.0400 -0.0200 1
0.0400 -0.0200 1
0.0800 -0.0400 1
0.1000 -0.0600 1
0.1000 -0.0400 1
0.0800 0.0000 1
0.0600 0.0400 1
0.0400 0.0600 1
0.0200 0.0600 1
0.0000 0.0400 1
0.0000 -0.1000 0
0.0800 -0.0600 1
0.0800 -0.0600 1
0.0800 -0.0600 1
0.0800 -0.0600 1