-0.4000 0.0000 1.0000
-0.0983 0.0000 1.0000
0.0800 0.0000 1.0000
0.0800 0.0000 1.0000
0.0800 0.0000 1.0000
0.0800 0.0000 1.0000
0.0800 0.0000 1.0000
0.0800 0.0000 1.0000
0.0777 -0.0029 0.9714
0.0274 -0.0657 0.3429
0.0000 -0.0886 0.2857
0.0000 -0.0634 0.9143
0.0000 -0.0600 1.0000
0.0000 -0.0600 1.0000
0.0000 -0.0600 1.0000
0.0000 -0.0600 1.0000
0.0000 -0.0600 1.0000
0.0000 -0.0600 1.0000
0.0000 -0.0600 1.0000
0.0000 -0.0600 1.0000
0.0000 -0.0829 0.4286
0.0160 -0.0840 0.2000
0.0663 -0.0337 0.8286
0.0709 -0.0291 1.0000
0.0583 -0.0400 1.0000
0.0457 -0.0400 1.0000
0.0331 -0.0331 1.0000
0.0206 -0.0206 1.0000
0.0080 -0.0080 1.0000
-0.0046 0.0046 1.0000
-0.0171 0.0171 1.0000
-0.0297 0.0297 1.0000
-0.0423 0.0400 1.0000
-0.0549 0.0400 1.0000
-0.0674 0.0326 1.0000
-0.0800 0.0200 1.0000
