-0.3000 0.0000 1.0000
-0.1200 -0.0360 1.0000
0.0000 -0.0600 1.0000
0.0000 -0.0600 1.0000
0.0000 -0.0600 1.0000
0.0000 -0.0600 1.0000
0.0000 -0.0600 1.0000
0.0000 -0.0600 1.0000
0.0000 -0.0600 1.0000
0.0000 -0.0600 1.0000
0.0000 -0.0600 1.0000
0.0000 -0.0600 1.0000
0.0000 -0.0600 1.0000
0.0000 -0.0600 1.0000
0.0000 -0.0600 1.0000
0.0000 -0.0600 1.0000
0.0000 -0.0600 1.0000
0.1200 0.0520 0.8000
0.4800 0.3880 0.2000
0.3680 0.2800 0.4000
0.0200 -0.0500 1.0000
0.0200 -0.0560 1.0000
0.0200 -0.0600 1.0000
0.0200 -0.0600 1.0000
0.0160 -0.0600 1.0000
0.0100 -0.0600 1.0000
0.0040 -0.0600 1.0000
-0.0020 -0.0600 1.0000
-0.0080 -0.0600 1.0000
-0.0140 -0.0600 1.0000
-0.0200 -0.0600 1.0000
-0.0200 -0.0540 1.0000
-0.0180 -0.0480 1.0000
-0.0120 -0.0420 1.0000
-0.0060 -0.0360 1.0000
0.0000 -0.0300 1.0000
