-0.2000 0.0000 1.0000
-0.0697 0.0109 1.0000
0.0400 0.0200 1.0000
0.0400 0.0200 1.0000
0.0400 0.0200 1.0000
0.0400 0.0200 1.0000
0.0400 0.0200 1.0000
0.0400 0.0200 1.0000
0.0263 -0.0554 0.6571
0.0046 -0.1749 0.1143
0.0257 -0.1229 0.4286
0.0583 -0.0251 0.9714
0.0600 -0.0303 1.0000
0.0600 -0.0411 1.0000
0.0600 -0.0520 1.0000
0.0571 -0.0629 1.0000
0.0463 -0.0737 1.0000
0.0354 -0.0800 1.0000
0.0246 -0.0800 1.0000
0.0137 -0.0800 1.0000
0.0029 -0.0800 1.0000
-0.0080 -0.0720 1.0000
-0.0189 -0.0611 1.0000
-0.0297 -0.0503 1.0000
-0.0406 -0.0394 1.0000
-0.0514 -0.0286 1.0000
-0.0600 -0.0177 1.0000
-0.0600 -0.0069 1.0000
-0.0560 0.0080 1.0000
-0.0451 0.0297 1.0000
-0.0343 0.0457 1.0000
-0.0234 0.0566 1.0000
-0.0126 0.0600 1.0000
-0.0017 0.0600 1.0000
0.0091 0.0509 1.0000
0.0200 0.0400 1.0000
