0.000000000000000000e+00 0.000000000000000000e+00 1
-6.696428571428561516e-03 -4.504504504504514006e-03 1
-6.696428571428575394e-03 -9.009009009009000257e-03 1
-6.696428571428575394e-03 -9.009009009009000257e-03 1
-6.696428571428561516e-03 -9.009009009009000257e-03 1
-6.696428571428575394e-03 -1.351351351351351426e-02 1
-4.464285714285712303e-03 -1.351351351351351426e-02 1
-4.464285714285712303e-03 -1.351351351351352814e-02 1
-4.464285714285726181e-03 -1.351351351351351426e-02 1
-4.464285714285712303e-03 -1.351351351351351426e-02 1
-2.232142857142849213e-03 -1.351351351351351426e-02 1
-4.464285714285712303e-03 -1.351351351351350732e-02 1
-2.232142857142863090e-03 -1.351351351351351426e-02 1
-2.232142857142849213e-03 -1.351351351351351426e-02 1
-2.232142857142876968e-03 -1.351351351351351426e-02 1
0.000000000000000000e+00 -1.351351351351351253e-02 1
-2.232142857142849213e-03 -1.351351351351351426e-02 1
0.000000000000000000e+00 -1.351351351351351253e-02 1
2.232142857142849213e-03 -1.351351351351351079e-02 1
4.464285714285726181e-03 -1.351351351351351426e-02 1
4.464285714285712303e-03 -1.801801801801801439e-02 1
4.464285714285712303e-03 -1.351351351351351426e-02 1
6.696428571428575394e-03 -1.351351351351351426e-02 1
6.696428571428575394e-03 -1.351351351351351426e-02 1
6.696428571428561516e-03 -9.009009009009014135e-03 1
6.696428571428575394e-03 -1.351351351351351426e-02 1
6.696428571428575394e-03 -4.504504504504514006e-03 1
6.696428571428575394e-03 -4.504504504504486251e-03 1
6.696428571428561516e-03 -4.504504504504514006e-03 1
6.696428571428575394e-03 -4.504504504504514006e-03 1
6.696428571428568455e-03 -4.504504504504486251e-03 1
6.696428571428575394e-03 0.000000000000000000e+00 1
6.696428571428568455e-03 0.000000000000000000e+00 1
6.696428571428575394e-03 0.000000000000000000e+00 1
6.696428571428568455e-03 0.000000000000000000e+00 1
6.696428571428571924e-03 0.000000000000000000e+00 1
6.696428571428571924e-03 4.504504504504486251e-03 1
6.696428571428571924e-03 9.009009009009028013e-03 1
6.696428571428571057e-03 4.504504504504486251e-03 1
6.696428571428571924e-03 9.009009009009028013e-03 1
8.928571428571428076e-03 1.351351351351350039e-02 1
6.696428571428573659e-03 1.351351351351351426e-02 1
4.464285714285712303e-03 1.351351351351351426e-02 1
4.464285714285715773e-03 1.351351351351351426e-02 1
4.464285714285712303e-03 1.351351351351351426e-02 1
4.464285714285712303e-03 1.351351351351351426e-02 1
2.232142857142863090e-03 1.351351351351351426e-02 1
2.232142857142856152e-03 1.351351351351351426e-02 1
0.000000000000000000e+00 1.351351351351351426e-02 1
2.232142857142856152e-03 1.351351351351351253e-02 1
2.232142857142856152e-03 1.351351351351351600e-02 1
0.000000000000000000e+00 1.351351351351351426e-02 1
0.000000000000000000e+00 1.351351351351351426e-02 1
4.464285714285712303e-03 4.504504504504500129e-03 1
2.232142857142856152e-03 -1.351351351351351426e-02 1
6.696428571428575394e-03 -1.351351351351351079e-02 1
4.464285714285719242e-03 -1.351351351351351426e-02 1
6.696428571428561516e-03 -1.351351351351351426e-02 1
4.464285714285712303e-03 -1.351351351351351253e-02 1
6.696428571428575394e-03 -1.351351351351351253e-02 1
6.696428571428575394e-03 -1.801801801801802133e-02 1
6.696428571428575394e-03 -1.351351351351351426e-02 1
6.696428571428561516e-03 -1.351351351351351426e-02 1
6.696428571428575394e-03 -1.351351351351351426e-02 1
6.696428571428575394e-03 -1.351351351351351426e-02 1
6.696428571428561516e-03 -1.351351351351351426e-02 1
6.696428571428589271e-03 -9.009009009009000257e-03 1
6.696428571428547638e-03 -9.009009009009014135e-03 1
6.696428571428575394e-03 -1.351351351351351426e-02 1
6.696428571428575394e-03 -9.009009009009000257e-03 1
6.696428571428575394e-03 -9.009009009009028013e-03 1
6.696428571428575394e-03 -4.504504504504486251e-03 1
6.696428571428575394e-03 -4.504504504504514006e-03 1
6.696428571428575394e-03 0.000000000000000000e+00 1
6.696428571428547638e-03 -4.504504504504486251e-03 1
6.696428571428575394e-03 0.000000000000000000e+00 1
6.696428571428575394e-03 9.009009009009000257e-03 1
2.232142857142849213e-03 4.504504504504486251e-03 1
-6.696428571428547638e-03 -9.009009009009000257e-03 1
-6.696428571428575394e-03 -4.504504504504486251e-03 1
-8.928571428571424606e-03 4.504504504504486251e-03 1
-6.696428571428575394e-03 0.000000000000000000e+00 1
-6.696428571428575394e-03 4.504504504504514006e-03 1
-6.696428571428575394e-03 4.504504504504486251e-03 1
-6.696428571428575394e-03 9.009009009009028013e-03 1
-6.696428571428575394e-03 9.009009009009000257e-03 1
-6.696428571428575394e-03 1.351351351351351426e-02 1
-6.696428571428547638e-03 9.009009009009014135e-03 1
-6.696428571428589271e-03 9.009009009009000257e-03 1
-6.696428571428561516e-03 1.351351351351351426e-02 1
-6.696428571428575394e-03 1.351351351351351426e-02 1
-6.696428571428575394e-03 1.351351351351351426e-02 1
-6.696428571428561516e-03 1.351351351351351426e-02 1
-6.696428571428575394e-03 1.351351351351351426e-02 1
-4.464285714285712303e-03 1.351351351351351426e-02 1
-6.696428571428575394e-03 1.351351351351351426e-02 1
-6.696428571428575394e-03 1.351351351351351426e-02 1
-4.464285714285712303e-03 1.351351351351351253e-02 1
-6.696428571428568455e-03 1.351351351351351600e-02 1
-4.464285714285712303e-03 1.351351351351351426e-02 1
-4.464285714285719242e-03 1.801801801801801439e-02 1
-4.464285714285712303e-03 1.351351351351351426e-02 1
-2.232142857142856152e-03 1.351351351351351426e-02 1
0.000000000000000000e+00 1.351351351351351426e-02 1
-2.232142857142856152e-03 1.351351351351351426e-02 1
-4.464285714285719242e-03 1.351351351351351426e-02 1
-2.232142857142856152e-03 1.351351351351351426e-02 1
-2.232142857142856152e-03 1.351351351351351426e-02 1
-4.464285714285712303e-03 1.351351351351351426e-02 1
0.000000000000000000e+00 4.504504504504486251e-03 1
0.000000000000000000e+00 -1.351351351351348651e-02 1
0.000000000000000000e+00 -1.351351351351351426e-02 1
2.232142857142856152e-03 -1.351351351351351426e-02 1
4.464285714285712303e-03 -1.351351351351352814e-02 1
2.232142857142856152e-03 -1.351351351351351426e-02 1
4.464285714285719242e-03 -1.351351351351351426e-02 1
4.464285714285712303e-03 -1.351351351351351426e-02 1
0.000000000000000000e+00 -1.351351351351350732e-02 1
0.000000000000000000e+00 -1.351351351351351426e-02 1
0.000000000000000000e+00 -1.351351351351351426e-02 1
-2.232142857142856152e-03 -1.801801801801801786e-02 1
0.000000000000000000e+00 -1.351351351351351426e-02 1
-2.232142857142856152e-03 -1.351351351351351253e-02 1
-2.232142857142856152e-03 -1.351351351351351253e-02 1
-2.232142857142863090e-03 -1.351351351351351426e-02 1
-2.232142857142856152e-03 -1.351351351351351426e-02 1
-4.464285714285712303e-03 -1.351351351351350732e-02 1
-4.464285714285715773e-03 -1.351351351351351426e-02 1
-6.696428571428568455e-03 -1.351351351351351426e-02 1
-4.464285714285715773e-03 -1.351351351351351426e-02 1
-6.696428571428571057e-03 -9.009009009009014135e-03 1
-6.696428571428571924e-03 -9.009009009009000257e-03 1
-6.696428571428571057e-03 -9.009009009009028013e-03 1
-6.696428571428571924e-03 -9.009009009009000257e-03 1
-6.696428571428570189e-03 -4.504504504504514006e-03 1
-6.696428571428571924e-03 -4.504504504504486251e-03 1
-6.696428571428571924e-03 0.000000000000000000e+00 1
-6.696428571428568455e-03 0.000000000000000000e+00 1
-6.696428571428575394e-03 0.000000000000000000e+00 1
-6.696428571428568455e-03 0.000000000000000000e+00 1
-8.928571428571431545e-03 4.504504504504486251e-03 1
-6.696428571428568455e-03 4.504504504504514006e-03 1
-6.696428571428575394e-03 4.504504504504514006e-03 1
-6.696428571428575394e-03 4.504504504504486251e-03 1
-6.696428571428561516e-03 4.504504504504514006e-03 1
-6.696428571428575394e-03 9.009009009009014135e-03 1
-6.696428571428575394e-03 9.009009009009000257e-03 1
-6.696428571428561516e-03 1.351351351351351426e-02 1
-6.696428571428575394e-03 1.351351351351351426e-02 1
-4.464285714285712303e-03 1.351351351351351426e-02 1
-4.464285714285712303e-03 1.351351351351351426e-02 1
-4.464285714285712303e-03 1.351351351351351426e-02 1
-2.232142857142876968e-03 1.351351351351351426e-02 1
-2.232142857142849213e-03 1.351351351351351426e-02 1
0.000000000000000000e+00 1.351351351351351426e-02 1
2.232142857142849213e-03 1.351351351351351253e-02 1
0.000000000000000000e+00 1.351351351351351600e-02 1
2.232142857142876968e-03 1.351351351351351426e-02 1
2.232142857142849213e-03 1.351351351351351426e-02 1
4.464285714285712303e-03 1.351351351351351426e-02 1
4.464285714285712303e-03 1.801801801801801439e-02 1
2.232142857142863090e-03 1.351351351351351426e-02 1
4.464285714285712303e-03 1.351351351351351426e-02 1
4.464285714285712303e-03 1.351351351351351426e-02 1
6.696428571428575394e-03 1.351351351351351426e-02 1
4.464285714285712303e-03 1.351351351351351426e-02 1
6.696428571428575394e-03 9.009009009009000257e-03 1
6.696428571428561516e-03 1.351351351351351426e-02 1
6.696428571428575394e-03 4.504504504504514006e-03 1
6.696428571428575394e-03 4.504504504504486251e-03 1
6.696428571428568455e-03 4.504504504504514006e-03 1
6.696428571428575394e-03 0.000000000000000000e+00 1
6.696428571428568455e-03 0.000000000000000000e+00 1
6.696428571428568455e-03 0.000000000000000000e+00 1
6.696428571428575394e-03 0.000000000000000000e+00 1
6.696428571428571924e-03 0.000000000000000000e+00 1
6.696428571428568455e-03 0.000000000000000000e+00 1
6.696428571428573659e-03 0.000000000000000000e+00 1
6.696428571428570189e-03 0.000000000000000000e+00 1
6.696428571428571924e-03 0.000000000000000000e+00 1
8.928571428571428076e-03 0.000000000000000000e+00 1
6.696428571428571057e-03 0.000000000000000000e+00 1
6.696428571428571924e-03 0.000000000000000000e+00 1
6.696428571428571924e-03 0.000000000000000000e+00 1
6.696428571428568455e-03 0.000000000000000000e+00 1
-2.232142857142856152e-03 0.000000000000000000e+00 1
-6.696428571428571924e-03 0.000000000000000000e+00 1
-6.696428571428568455e-03 0.000000000000000000e+00 1
-6.696428571428573659e-03 0.000000000000000000e+00 1
-6.696428571428571057e-03 0.000000000000000000e+00 1
-6.696428571428571057e-03 0.000000000000000000e+00 1
-6.696428571428571924e-03 0.000000000000000000e+00 1
-6.696428571428570189e-03 0.000000000000000000e+00 1
-6.696428571428573659e-03 0.000000000000000000e+00 1
-6.696428571428568455e-03 0.000000000000000000e+00 1
-6.696428571428571924e-03 0.000000000000000000e+00 1
-6.696428571428575394e-03 0.000000000000000000e+00 1
-6.696428571428568455e-03 0.000000000000000000e+00 1
-6.696428571428568455e-03 0.000000000000000000e+00 1
-8.928571428571431545e-03 0.000000000000000000e+00 1
