0.000000000000000000 0.000000000000000000 1
0.000000000000000000 -0.014784946236559182 1
0.000000000000000000 -0.014784946236559127 1
0.000000000000000000 -0.016129032258064502 1
0.000000000000000000 -0.014784946236559127 1
0.000000000000000000 -0.014784946236559182 1
0.000000000000000000 -0.016129032258064502 1
0.000000000000000000 -0.014784946236559127 1
0.000000000000000000 -0.016129032258064502 1
0.000000000000000000 -0.014784946236559182 1
0.000000000000000000 -0.014784946236559127 1
0.000000000000000000 -0.016129032258064502 1
0.000000000000000000 -0.014784946236559154 1
0.000000000000000000 -0.016129032258064502 1
0.000000000000000000 -0.014784946236559154 1
0.000000000000000000 -0.014784946236559127 1
0.000000000000000000 -0.016129032258064530 1
0.000000000000000000 -0.014784946236559127 1
0.000000000000000000 -0.016129032258064530 1
0.000000000000000000 -0.014784946236559127 1
0.000000000000000000 -0.014784946236559141 1
0.000000000000000000 -0.016129032258064516 1
0.000000000000000000 -0.014784946236559141 1
0.000000000000000000 -0.016129032258064516 1
0.000000000000000000 -0.014784946236559141 1
0.000000000000000000 -0.014784946236559141 1
0.000000000000000000 -0.016129032258064519 1
0.000000000000000000 -0.014784946236559139 1
0.000000000000000000 -0.014784946236559139 1
0.000000000000000000 -0.016129032258064516 1
0.000000000000000000 -0.014784946236559141 1
0.000000000000000000 -0.016129032258064516 1
0.000000000000000000 -0.014784946236559141 1
0.000000000000000000 -0.014784946236559141 1
-0.002214839424141746 -0.016129032258064516 1
-0.001107419712070873 -0.014784946236559141 1
0.000000000000000000 -0.016129032258064516 1
0.000000000000000000 -0.014784946236559141 1
0.000000000000000000 -0.014784946236559127 1
0.000000000000000000 -0.016129032258064530 1
0.000000000000000000 -0.014784946236559127 1
0.001107419712070873 -0.016129032258064530 1
0.000000000000000000 -0.014784946236559127 1
0.002214839424141746 -0.014784946236559154 1
0.000000000000000000 0.002688172043010750 1
0.000000000000000000 0.014784946236559154 1
0.000000000000000000 0.016129032258064502 1
0.000000000000000000 0.014784946236559154 1
0.000000000000000000 0.014784946236559127 1
0.000000000000000000 0.016129032258064530 1
0.000000000000000000 0.014784946236559127 1
0.000000000000000000 0.014784946236559141 1
0.000000000000000000 0.016129032258064516 1
0.000000000000000000 0.014784946236559141 1
0.001107419712070887 0.016129032258064516 1
0.003322259136212619 0.014784946236559141 1
0.003322259136212619 0.014784946236559141 1
0.004429678848283505 0.016129032258064519 1
0.004429678848283505 0.014784946236559139 1
0.005537098560354371 0.016129032258064516 1
0.005537098560354371 0.014784946236559139 1
0.005537098560354378 0.014784946236559141 1
0.006644518272425244 0.016129032258064516 1
0.008859357696567000 0.014784946236559141 1
0.012181616832779622 0.016129032258064516 1
0.012181616832779626 0.008064516129032265 1
0.012181616832779622 0.006720430107526876 1
0.013289036544850499 0.005376344086021501 1
0.012181616832779626 0.004032258064516139 1
0.013289036544850495 0.000000000000000000 1
0.012181616832779622 0.000000000000000000 1
0.012181616832779629 0.000000000000000000 1
0.013289036544850488 -0.002688172043010764 1
0.012181616832779629 -0.008064516129032251 1
0.013289036544850502 -0.008064516129032265 1
0.012181616832779615 -0.012096774193548376 1
0.011074197120708756 -0.014784946236559147 1
0.007751937984496110 -0.016129032258064516 1
0.006644518272425265 -0.014784946236559137 1
0.004429678848283491 -0.014784946236559141 1
0.004429678848283491 -0.016129032258064516 1
0.004429678848283519 -0.014784946236559141 1
0.003322259136212619 -0.016129032258064519 1
0.002214839424141746 -0.014784946236559134 1
0.002214839424141746 -0.014784946236559141 1
0.002214839424141746 -0.016129032258064516 1
0.000000000000000000 -0.014784946236559141 1
0.000000000000000000 -0.016129032258064516 1
0.000000000000000000 -0.014784946236559154 1
0.000000000000000000 -0.014784946236559127 1
0.000000000000000000 -0.016129032258064530 1
-0.004429678848283491 -0.014784946236559127 1
-0.009966777408637884 -0.016129032258064530 1
-0.011074197120708729 -0.014784946236559127 1
-0.012181616832779629 -0.008064516129032251 1
-0.013289036544850502 -0.008064516129032279 1
-0.012181616832779629 -0.005376344086021501 1
-0.013289036544850488 -0.004032258064516125 1
-0.012181616832779629 -0.002688172043010750 1
-0.012181616832779615 -0.005376344086021501 1
-0.013289036544850502 -0.002688172043010750 1
-0.012181616832779622 -0.004032258064516125 1
-0.012181616832779626 -0.001344086021505375 1
-0.013289036544850499 0.001344086021505375 1
-0.012181616832779624 0.002688172043010750 1
-0.013289036544850499 0.002688172043010750 1
-0.012181616832779624 0.002688172043010750 1
-0.012181616832779622 0.001344086021505375 1
-0.013289036544850495 0.002688172043010750 1
-0.012181616832779629 0.002688172043010750 1
-0.013289036544850502 0.006720430107526876 1
0.003322259136212632 -0.001344086021505375 1
0.012181616832779622 -0.005376344086021501 1
0.013289036544850495 -0.002688172043010750 1
0.012181616832779626 -0.002688172043010750 1
0.013289036544850499 -0.002688172043010750 1
0.012181616832779622 -0.001344086021505375 1
0.012181616832779624 -0.002688172043010750 1
0.013289036544850499 -0.004032258064516125 1
0.012181616832779622 0.000000000000000000 1
0.013289036544850495 0.002688172043010750 1
0.012181616832779629 0.002688172043010750 1
0.012181616832779622 0.004032258064516125 1
0.013289036544850502 0.004032258064516125 1
0.012181616832779615 0.004032258064516125 1
0.012181616832779629 0.004032258064516125 1
0.013289036544850488 0.005376344086021528 1
0.012181616832779629 0.008064516129032251 1
0.013289036544850502 0.010752688172043001 1
0.011074197120708756 0.014784946236559154 1
0.007751937984496110 0.014784946236559127 1
0.003322259136212619 0.016129032258064530 1
0.000000000000000000 0.014784946236559127 1
0.000000000000000000 0.016129032258064516 1
0.000000000000000000 0.014784946236559141 1
0.000000000000000000 0.014784946236559141 1
-0.001107419712070873 0.016129032258064516 1
-0.001107419712070873 0.014784946236559141 1
-0.002214839424141746 0.016129032258064516 1
-0.002214839424141746 0.014784946236559141 1
-0.004429678848283491 0.014784946236559141 1
-0.004429678848283519 0.016129032258064516 1
-0.004429678848283491 0.014784946236559139 1
-0.004429678848283491 0.016129032258064516 1
-0.007751937984496138 0.014784946236559141 1
-0.007751937984496110 0.014784946236559141 1
-0.012181616832779629 0.016129032258064516 1
-0.012181616832779629 0.010752688172043015 1
-0.013289036544850488 0.008064516129032251 1
-0.012181616832779629 0.005376344086021501 1
-0.012181616832779629 0.002688172043010764 1
-0.013289036544850495 0.000000000000000000 1
-0.012181616832779622 0.000000000000000000 1
-0.012181616832779622 -0.001344086021505375 1
-0.013289036544850499 -0.004032258064516139 1
-0.012181616832779622 -0.005376344086021501 1
-0.013289036544850499 -0.006720430107526890 1
-0.012181616832779622 -0.010752688172043001 1
-0.009966777408637877 -0.014784946236559141 1
-0.008859357696566997 -0.016129032258064516 1
-0.006644518272425251 -0.014784946236559144 1
-0.005537098560354371 -0.016129032258064516 1
-0.005537098560354378 -0.014784946236559141 1
-0.005537098560354378 -0.014784946236559139 1
-0.004429678848283491 -0.016129032258064516 1
-0.004429678848283505 -0.014784946236559141 1
-0.003322259136212619 -0.016129032258064516 1
-0.003322259136212632 -0.001344086021505375 1
0.000000000000000000 0.014784946236559141 1
0.000000000000000000 0.016129032258064516 1
0.000000000000000000 0.014784946236559137 1
0.000000000000000000 0.016129032258064516 1
0.000000000000000000 0.014784946236559141 1
0.000000000000000000 0.014784946236559141 1
0.000000000000000000 0.016129032258064512 1
0.000000000000000000 0.014784946236559141 1
0.000000000000000000 0.014784946236559147 1
0.000000000000000000 0.016129032258064516 1
0.000000000000000000 0.014784946236559141 1
0.000000000000000000 0.016129032258064516 1
0.000000000000000000 0.014784946236559141 1
0.000000000000000000 0.014784946236559127 1
0.000000000000000000 0.016129032258064530 1
0.000000000000000000 0.014784946236559127 1
0.000000000000000000 0.016129032258064530 1
0.000000000000000000 0.014784946236559127 1
0.000000000000000000 0.014784946236559154 1
0.000000000000000000 0.016129032258064502 1
0.000000000000000000 0.014784946236559154 1
0.000000000000000000 0.016129032258064502 1
0.000000000000000000 0.014784946236559127 1
0.000000000000000000 0.014784946236559182 1
0.000000000000000000 0.016129032258064502 1
0.000000000000000000 0.014784946236559127 1
0.000000000000000000 0.016129032258064502 1
0.000000000000000000 0.014784946236559182 1
0.000000000000000000 0.014784946236559127 1
0.000000000000000000 0.016129032258064502 1
0.000000000000000000 0.014784946236559127 1
0.000000000000000000 0.016129032258064557 1