0.0052 -0.0090 1.0000
0.0034 -0.0002 1.0000
0.0016 0.0087 1.0000
-0.0000 0.0169 1.0000
-0.0004 0.0169 1.0000
-0.0007 0.0169 1.0000
-0.0011 0.0168 1.0000
-0.0013 0.0168 1.0000
-0.0016 0.0168 1.0000
-0.0019 0.0168 1.0000
-0.0019 0.0168 1.0000
-0.0019 0.0168 1.0000
-0.0020 0.0168 1.0000
-0.0025 0.0167 1.0000
-0.0029 0.0166 1.0000
-0.0033 0.0165 1.0000
-0.0034 0.0165 1.0000
-0.0036 0.0165 1.0000
-0.0037 0.0165 1.0000
-0.0037 0.0165 1.0000
-0.0037 0.0165 1.0000
-0.0036 0.0165 1.0000
-0.0035 0.0165 1.0000
-0.0034 0.0165 1.0000
-0.0033 0.0166 1.0000
-0.0033 0.0166 1.0000
-0.0033 0.0166 1.0000
-0.0033 0.0166 1.0000
-0.0033 0.0166 1.0000
-0.0033 0.0166 1.0000
-0.0037 0.0165 1.0000
-0.0043 0.0163 1.0000
-0.0049 0.0162 1.0000
-0.0051 0.0161 1.0000
-0.0052 0.0161 1.0000
-0.0053 0.0160 1.0000
-0.0053 0.0160 1.0000
-0.0053 0.0160 1.0000
-0.0053 0.0160 1.0000
-0.0050 0.0161 1.0000
-0.0046 0.0162 1.0000
-0.0041 0.0162 1.0000
0.0001 0.0110 1.0000
0.0043 0.0058 1.0000
0.0080 0.0005 1.0000
0.0068 -0.0053 1.0000
0.0056 -0.0111 1.0000
0.0047 -0.0159 1.0000
0.0054 -0.0158 1.0000
0.0060 -0.0156 1.0000
0.0071 -0.0168 0.9146
0.0096 -0.0218 0.5729
0.0121 -0.0268 0.2312
0.0138 -0.0302 0.0000
0.0138 -0.0302 0.0000
0.0138 -0.0302 0.0000
0.0138 -0.0302 0.0000
0.0138 -0.0302 0.0000
0.0138 -0.0302 0.0000
0.0138 -0.0302 0.0000
0.0138 -0.0302 0.0000
0.0138 -0.0302 0.0000
0.0138 -0.0302 0.0000
0.0138 -0.0302 0.0000
0.0138 -0.0302 0.0000
0.0138 -0.0302 0.0000
0.0138 -0.0302 0.0000
0.0138 -0.0302 0.0000
0.0118 -0.0221 0.2362
0.0088 -0.0104 0.5779
0.0059 0.0012 0.9196
0.0036 0.0072 1.0000
0.0015 0.0115 1.0000
-0.0006 0.0157 1.0000
-0.0016 0.0163 1.0000
-0.0024 0.0163 1.0000
-0.0032 0.0162 1.0000
-0.0030 0.0162 1.0000
-0.0028 0.0163 1.0000
-0.0026 0.0163 1.0000
-0.0025 0.0163 1.0000
-0.0024 0.0163 1.0000
-0.0023 0.0163 1.0000
-0.0026 0.0163 1.0000
-0.0028 0.0163 1.0000
-0.0030 0.0162 1.0000
-0.0032 0.0162 1.0000
-0.0034 0.0161 1.0000
-0.0036 0.0161 1.0000
-0.0036 0.0161 1.0000
-0.0036 0.0161 1.0000
-0.0037 0.0161 1.0000
-0.0040 0.0160 1.0000
-0.0043 0.0159 1.0000
-0.0046 0.0158 1.0000
-0.0049 0.0158 1.0000
-0.0051 0.0157 1.0000
-0.0052 0.0157 1.0000
-0.0052 0.0157 1.0000
-0.0052 0.0157 1.0000
-0.0052 0.0157 1.0000
-0.0052 0.0157 1.0000
-0.0052 0.0157 1.0000
-0.0052 0.0157 1.0000
-0.0052 0.0157 1.0000
-0.0052 0.0157 1.0000
-0.0052 0.0157 1.0000
-0.0052 0.0157 1.0000
-0.0052 0.0157 1.0000
-0.0044 0.0158 1.0000
-0.0033 0.0160 1.0000
-0.0022 0.0162 1.0000
-0.0040 0.0050 0.7286
-0.0066 -0.0091 0.3869
-0.0092 -0.0232 0.0452
-0.0095 -0.0250 0.0000
-0.0095 -0.0250 0.0000
-0.0095 -0.0250 0.0000
-0.0095 -0.0250 0.0000
-0.0095 -0.0250 0.0000
-0.0095 -0.0250 0.0000
-0.0095 -0.0250 0.0000
-0.0095 -0.0250 0.0000
-0.0095 -0.0250 0.0000
-0.0095 -0.0250 0.0000
-0.0095 -0.0250 0.0000
-0.0095 -0.0250 0.0000
-0.0095 -0.0250 0.0000
-0.0095 -0.0250 0.0000
-0.0085 -0.0243 0.0804
-0.0045 -0.0210 0.4221
-0.0004 -0.0178 0.7638
0.0040 -0.0139 1.0000
0.0093 -0.0086 1.0000
0.0146 -0.0033 1.0000
0.0179 0.0000 1.0000
0.0179 0.0000 1.0000
0.0179 0.0000 1.0000
0.0179 0.0000 1.0000
0.0179 0.0000 1.0000
0.0179 0.0000 1.0000
0.0179 0.0000 1.0000
0.0179 0.0000 1.0000
0.0179 0.0000 1.0000
0.0179 0.0000 1.0000
0.0179 0.0000 1.0000
0.0179 0.0000 1.0000
0.0179 0.0000 1.0000
0.0179 0.0000 1.0000
0.0179 0.0000 1.0000
0.0178 -0.0009 1.0000
0.0177 -0.0020 1.0000
0.0175 -0.0031 1.0000
0.0176 -0.0029 1.0000
0.0176 -0.0024 1.0000
0.0177 -0.0019 1.0000
0.0046 0.0038 0.6935
-0.0100 0.0100 0.3518
-0.0246 0.0162 0.0101
-0.0250 0.0164 0.0000
-0.0250 0.0164 0.0000
-0.0250 0.0164 0.0000
-0.0250 0.0164 0.0000
-0.0250 0.0164 0.0000
-0.0250 0.0164 0.0000
-0.0250 0.0164 0.0000
-0.0250 0.0164 0.0000
-0.0250 0.0164 0.0000
-0.0250 0.0164 0.0000
-0.0250 0.0164 0.0000
-0.0250 0.0164 0.0000
-0.0250 0.0164 0.0000
-0.0250 0.0164 0.0000
-0.0213 0.0144 0.1156
-0.0101 0.0085 0.4573
0.0010 0.0027 0.7990
0.0089 -0.0014 1.0000
0.0122 -0.0029 1.0000
0.0155 -0.0043 1.0000
0.0173 -0.0047 1.0000
0.0175 -0.0040 1.0000
0.0177 -0.0033 1.0000
0.0178 -0.0027 1.0000
0.0178 -0.0022 1.0000
0.0179 -0.0017 1.0000
0.0179 -0.0012 1.0000
0.0180 -0.0007 1.0000
0.0180 -0.0002 1.0000
0.0180 0.0002 1.0000
0.0180 0.0005 1.0000
0.0180 0.0009 1.0000
0.0180 0.0012 1.0000
0.0179 0.0016 1.0000
0.0179 0.0019 1.0000
0.0179 0.0020 1.0000
0.0179 0.0020 1.0000
0.0179 0.0020 1.0000
0.0179 0.0014 1.0000
0.0180 0.0009 1.0000
0.0180 0.0003 1.0000
